794.729 795.000000
219.463500 220.000000
411.387000 412.000000
663.577500 664.000000
227.005000 228.000000
-309.933500 -309.000000
383.078500 384.000000
-947.929500 -947.000000
599.421500 600.000000
326.932000 327.000000
-363.041500 -363.000000
-370.002500 -370.000000
562.878500 563.000000
890.417500 891.000000
-452.495500 -452.000000
-293.209000 -293.000000
-575.538500 -575.000000
-214.031500 -214.000000
854.699000 855.000000
393.754000 394.000000
-176.622000 -176.000000
147.322500 148.000000
211.393000 212.000000
-633.350500 -633.000000
779.065500 780.000000
-932.313500 -932.000000
-228.751500 -228.000000
561.987500 562.000000
-270.000500 -270.000000
-800.402500 -800.000000
538.212000 539.000000
279.611500 280.000000
353.791000 354.000000
-44.580000 -44.000000
-106.510500 -106.000000
-488.658500 -488.000000
-761.753500 -761.000000
245.180500 246.000000
-216.354000 -216.000000
-484.693500 -484.000000
-804.792000 -804.000000
-187.846500 -187.000000
285.441000 286.000000
120.555500 121.000000
160.913000 161.000000
-814.119000 -814.000000
53.773000 54.000000
716.691000 717.000000
798.200500 799.000000
-293.417000 -293.000000
605.072000 606.000000
255.469500 256.000000
-236.002000 -236.000000
757.840000 758.000000
-215.909500 -215.000000
563.523500 564.000000
5.907500 6.000000
-19.022500 -19.000000
-902.196500 -902.000000
-455.246000 -455.000000
60.909500 61.000000
56.704000 57.000000
589.398000 590.000000
399.547000 400.000000
-91.144000 -91.000000
666.747000 667.000000
100.950000 101.000000
-34.941500 -34.000000
493.000500 494.000000
-33.928500 -33.000000
-62.021000 -62.000000
51.724000 52.000000
160.488000 161.000000
-530.001000 -530.000000
898.470000 899.000000
-386.742000 -386.000000
-483.078000 -483.000000
545.358000 546.000000
-325.513000 -325.000000
978.839000 979.000000
-789.616500 -789.000000
-235.107000 -235.000000
-717.651500 -717.000000
-229.958500 -229.000000
484.663000 485.000000
-957.982000 -957.000000
9.223000 10.000000
680.678500 681.000000
-877.119000 -877.000000
548.468500 549.000000
190.152000 191.000000
943.698000 944.000000
-278.378000 -278.000000
280.041000 281.000000
-915.982000 -915.000000
-50.464000 -50.000000
-608.830000 -608.000000
-167.408500 -167.000000
44.304000 45.000000
-996.549500 -996.000000
702.271500 703.000000
-819.458500 -819.000000
-324.114000 -324.000000
-599.322000 -599.000000
253.387500 254.000000
515.307500 516.000000
-221.118500 -221.000000
-780.184500 -780.000000
732.334500 733.000000
751.921000 752.000000
615.497000 616.000000
907.212000 908.000000
197.827000 198.000000
826.734500 827.000000
232.465000 233.000000
-439.716500 -439.000000
235.195500 236.000000
-767.637000 -767.000000
719.348500 720.000000
120.171000 121.000000
554.294000 555.000000
-943.792500 -943.000000
343.743000 344.000000
-948.107000 -948.000000
734.371500 735.000000
468.458000 469.000000
612.230500 613.000000
-641.145000 -641.000000
-703.124500 -703.000000
-834.525500 -834.000000
991.583500 992.000000
-47.024500 -47.000000
-306.583500 -306.000000
749.404000 750.000000
-175.085500 -175.000000
538.963500 539.000000
678.808500 679.000000
-877.691500 -877.000000
784.775500 785.000000
502.359000 503.000000
551.431000 552.000000
225.685500 226.000000
199.768000 200.000000
463.001000 464.000000
176.996500 177.000000
-390.438500 -390.000000
-768.600000 -768.000000
518.113000 519.000000
-356.245500 -356.000000
-119.873500 -119.000000
346.413000 347.000000
-616.467500 -616.000000
-385.140000 -385.000000
-157.249500 -157.000000
-699.346500 -699.000000
89.980500 90.000000
470.240500 471.000000
-267.402500 -267.000000
578.239000 579.000000
100.033000 101.000000
787.027000 788.000000
111.557500 112.000000
-578.131000 -578.000000
700.451500 701.000000
383.261000 384.000000
273.588500 274.000000
211.934500 212.000000
935.225000 936.000000
-939.681000 -939.000000
310.420000 311.000000
-422.699000 -422.000000
505.303000 506.000000
-315.682000 -315.000000
370.992000 371.000000
852.868000 853.000000
-815.368500 -815.000000
458.322000 459.000000
482.615500 483.000000
832.929000 833.000000
-537.273500 -537.000000
647.228000 648.000000
-559.985500 -559.000000
766.418000 767.000000
-901.591500 -901.000000
16.642500 17.000000
-484.310500 -484.000000
238.062500 239.000000
578.569000 579.000000
593.591000 594.000000
-230.687000 -230.000000
462.038500 463.000000
-550.267000 -550.000000
-692.223500 -692.000000
-510.900500 -510.000000
-676.956500 -676.000000
225.309500 226.000000
359.298000 360.000000
222.203500 223.000000
-960.034500 -960.000000
397.514500 398.000000
-860.980000 -860.000000
-761.534000 -761.000000
18.284500 19.000000
188.187500 189.000000
-29.430000 -29.000000
104.060000 105.000000
608.173000 609.000000
-66.924500 -66.000000
748.456500 749.000000
400.864000 401.000000
-704.102500 -704.000000
-829.525500 -829.000000
646.965500 647.000000
-949.724500 -949.000000
-103.956500 -103.000000
795.301500 796.000000
72.136500 73.000000
557.872500 558.000000
539.832000 540.000000
-829.923000 -829.000000
-915.737000 -915.000000
75.509000 76.000000
104.842500 105.000000
-712.256500 -712.000000
318.263000 319.000000
828.418500 829.000000
-499.352000 -499.000000
450.135000 451.000000
-647.195000 -647.000000
-372.097500 -372.000000
490.772500 491.000000
-411.406000 -411.000000
714.321000 715.000000
36.370000 37.000000
593.385500 594.000000
40.183000 41.000000
976.294000 977.000000
-607.274500 -607.000000
-3.900500 -3.000000
386.571000 387.000000
341.972500 342.000000
-757.832500 -757.000000
104.896000 105.000000
-842.659000 -842.000000
-173.984500 -173.000000
482.929500 483.000000
-943.225500 -943.000000
-307.607500 -307.000000
-714.014000 -714.000000
-692.781000 -692.000000
-770.544000 -770.000000
150.162000 151.000000
-645.979500 -645.000000
899.984000 900.000000
517.582000 518.000000
506.366500 507.000000
-739.059500 -739.000000
-681.822500 -681.000000
266.383000 267.000000
89.340000 90.000000
-279.928500 -279.000000
668.190500 669.000000
103.161000 104.000000
-388.789000 -388.000000
-697.803500 -697.000000
-253.454000 -253.000000
858.443000 859.000000
566.467000 567.000000
-367.329500 -367.000000
279.691000 280.000000
704.054500 705.000000
-913.469000 -913.000000
12.149500 13.000000
391.482000 392.000000
848.714500 849.000000
919.570500 920.000000
-959.526000 -959.000000
-669.994500 -669.000000
677.403000 678.000000
424.603000 425.000000
61.975000 62.000000
-87.181000 -87.000000
-375.774000 -375.000000
150.330500 151.000000
609.032500 610.000000
633.384000 634.000000
130.774000 131.000000
-688.993000 -688.000000
963.650500 964.000000
-503.959000 -503.000000
-467.479000 -467.000000
703.659000 704.000000
-60.030500 -60.000000
-735.775000 -735.000000
998.649000 999.000000
311.749000 312.000000
-644.189500 -644.000000
703.067000 704.000000
-267.124000 -267.000000
-372.768500 -372.000000
959.113000 960.000000
-766.596500 -766.000000
661.840500 662.000000
-264.053000 -264.000000
73.372500 74.000000
-122.205000 -122.000000
-101.142500 -101.000000
734.733000 735.000000
250.451000 251.000000
265.380500 266.000000
998.741000 999.000000
376.689000 377.000000
-878.499500 -878.000000
-852.268500 -852.000000
-264.835500 -264.000000
352.889000 353.000000
-321.125500 -321.000000
-491.265500 -491.000000
-491.778500 -491.000000
821.371000 822.000000
300.393500 301.000000
807.390500 808.000000
-332.631000 -332.000000
-485.135000 -485.000000
478.967000 479.000000
-40.381500 -40.000000
236.926500 237.000000
-848.542500 -848.000000
701.363500 702.000000
508.089000 509.000000
-528.413000 -528.000000
-538.200000 -538.000000
91.052500 92.000000
-100.952000 -100.000000
506.271000 507.000000
456.932000 457.000000
-409.604500 -409.000000
-32.029000 -32.000000
-326.375000 -326.000000
-593.082000 -593.000000
941.338500 942.000000
-227.631000 -227.000000
279.141500 280.000000
704.357000 705.000000
504.450000 505.000000
-158.054500 -158.000000
-301.216500 -301.000000
402.699000 403.000000
-925.645500 -925.000000
446.193000 447.000000
-331.856000 -331.000000
0.847500 1.000000
-404.636500 -404.000000
-382.384500 -382.000000
-201.584000 -201.000000
-771.208500 -771.000000
850.477000 851.000000
339.309500 340.000000
-93.867000 -93.000000
518.135000 519.000000
-3.355500 -3.000000
-480.135500 -480.000000
-440.488000 -440.000000
-834.633000 -834.000000
244.294000 245.000000
-236.942500 -236.000000
937.875500 938.000000
578.387000 579.000000
-938.385000 -938.000000
-40.047500 -40.000000
-513.233000 -513.000000
-732.905500 -732.000000
-666.619500 -666.000000
-125.045500 -125.000000
217.006000 218.000000
-214.468500 -214.000000
-706.606500 -706.000000
-752.277000 -752.000000
-19.066000 -19.000000
614.862000 615.000000
-514.738500 -514.000000
-568.038500 -568.000000
934.612500 935.000000
-712.479500 -712.000000
384.556500 385.000000
-882.524500 -882.000000
-624.844000 -624.000000
-964.391000 -964.000000
298.547500 299.000000
17.640500 18.000000
-937.474500 -937.000000
-908.322500 -908.000000
-532.445000 -532.000000
617.795500 618.000000
904.071500 905.000000
-81.983000 -81.000000
129.006000 130.000000
294.499000 295.000000
605.663500 606.000000
-318.065000 -318.000000
-463.023000 -463.000000
102.545000 103.000000
-209.878500 -209.000000
-724.462000 -724.000000
87.549500 88.000000
-904.397000 -904.000000
-466.662000 -466.000000
-898.099500 -898.000000
312.665000 313.000000
978.305500 979.000000
-145.981500 -145.000000
112.814000 113.000000
-272.900000 -272.000000
405.553000 406.000000
338.576500 339.000000
-45.846500 -45.000000
194.050500 195.000000
-288.892000 -288.000000
-747.957500 -747.000000
270.451000 271.000000
101.467000 102.000000
597.287500 598.000000
285.193500 286.000000
-307.380000 -307.000000
340.650500 341.000000
517.334500 518.000000
-690.230000 -690.000000
999.185500 1000.000000
-138.965000 -138.000000
-799.138500 -799.000000
-890.502000 -890.000000
-764.827500 -764.000000
202.709000 203.000000
643.793500 644.000000
-316.131500 -316.000000
666.392000 667.000000
-590.028000 -590.000000
223.802000 224.000000
-843.031500 -843.000000
840.248000 841.000000
471.969500 472.000000
526.182500 527.000000
660.137500 661.000000
58.171500 59.000000
-713.968500 -713.000000
225.145500 226.000000
786.325500 787.000000
-295.514500 -295.000000
-90.728500 -90.000000
-536.206000 -536.000000
420.160000 421.000000
-336.514500 -336.000000
-410.152000 -410.000000
545.266000 546.000000
-259.679000 -259.000000
611.645500 612.000000
390.847000 391.000000
-161.250500 -161.000000
818.992000 819.000000
-46.044500 -46.000000
164.559000 165.000000
208.113000 209.000000
-575.668000 -575.000000
955.119000 956.000000
488.927500 489.000000
354.089500 355.000000
720.276500 721.000000
-536.843500 -536.000000
-10.597500 -10.000000
-412.755500 -412.000000
151.602500 152.000000
0.417000 1.000000
-312.116500 -312.000000
945.758500 946.000000
627.048500 628.000000
967.892000 968.000000
-854.915500 -854.000000
-343.295500 -343.000000
-828.768000 -828.000000
296.519500 297.000000
-194.484000 -194.000000
-893.986500 -893.000000
681.992000 682.000000
324.827500 325.000000
381.156500 382.000000
278.588000 279.000000
639.996000 640.000000
-411.582000 -411.000000
425.088000 426.000000
759.673500 760.000000
-111.841500 -111.000000
529.125000 530.000000
-880.664000 -880.000000
848.012000 849.000000
-984.988000 -984.000000
-582.714000 -582.000000
-695.536500 -695.000000
830.711500 831.000000
740.354000 741.000000
-485.300500 -485.000000
