17.2 -0.078678
-12.580000 0.999907
14.800000 -0.615352
6.240000 0.999068
-21.540000 -0.899947
9.160000 -0.965151
2.440000 -0.763815
20.520000 -0.099483
10.920000 -0.075502
16.020000 -0.951710
17.400000 0.120944
6.100000 0.983268
2.640000 -0.876818
-10.640000 -0.348129
-12.300000 0.964733
-13.560000 0.545652
16.780000 -0.478337
15.420000 -0.958824
15.240000 -0.892489
-8.500000 -0.602012
6.300000 0.999859
-19.100000 0.968802
5.600000 0.775566
-24.060000 0.477718
11.080000 0.084325
25.180000 0.998884
20.180000 0.238045
-16.740000 -0.513072
-24.380000 0.729818
1.880000 -0.304300
-1.440000 0.130424
0.680000 0.777573
-11.700000 0.647596
22.840000 -0.660846
-25.320000 0.982518
-4.420000 -0.288241
-15.400000 -0.952953
24.120000 0.529537
10.320000 -0.625346
-1.240000 0.324796
1.620000 -0.049184
22.980000 -0.549650
-18.180000 0.784097
-4.960000 0.245089
-18.900000 0.998728
-15.320000 -0.925681
25.440000 0.953166
8.960000 -0.893921
-22.360000 -0.932742
-19.500000 0.795815
-9.960000 -0.860155
3.280000 -0.990437
17.620000 0.334656
-10.260000 -0.671013
8.500000 -0.602012
-2.580000 -0.846408
1.680000 -0.108987
-17.080000 -0.197453
-1.860000 -0.285189
-3.540000 -0.921680
-20.580000 -0.158970
-17.760000 0.462879
10.880000 -0.115317
13.580000 0.528784
-11.900000 0.786070
-24.700000 0.907820
-4.480000 -0.230303
23.640000 0.077976
-23.120000 -0.427698
4.560000 -0.151800
-2.940000 -0.979749
7.040000 0.727027
-19.100000 0.968802
8.640000 -0.707545
7.540000 0.308848
-15.500000 -0.978453
18.060000 0.704161
5.880000 0.919816
-4.320000 -0.382397
10.700000 -0.291289
-20.800000 -0.370593
-8.460000 -0.569599
-20.280000 0.139892
10.260000 -0.671013
15.420000 -0.958824
14.720000 -0.550391
-5.320000 0.570908
19.160000 0.952198
-7.080000 0.698988
-2.500000 -0.801144
-13.240000 0.781563
-0.200000 0.980067
-14.060000 0.077090
9.160000 -0.965151
-8.560000 -0.648809
4.600000 -0.112153
-24.700000 0.907820
15.280000 -0.909813
-24.200000 0.595634
5.900000 0.927478
17.980000 0.645166
6.500000 0.976588
-4.280000 -0.419041
16.200000 -0.881372
23.540000 -0.021943
-10.240000 -0.685707
3.700000 -0.848100
-20.380000 0.040341
-20.220000 0.199015
12.980000 0.915668
9.720000 -0.956738
22.080000 -0.996055
6.100000 0.983268
17.920000 0.598190
-20.440000 -0.019646
9.540000 -0.993369
16.060000 -0.938672
-22.860000 -0.645704
18.880000 0.999537
23.060000 -0.481131
7.320000 0.508965
10.720000 -0.272100
13.980000 0.156521
0.640000 0.802096
10.740000 -0.252801
-7.400000 0.438547
-0.780000 0.710914
13.160000 0.828916
22.960000 -0.566247
-17.240000 -0.038750
12.480000 0.996272
-18.880000 0.999537
-8.040000 -0.184947
3.020000 -0.992617
10.900000 -0.095429
1.940000 -0.360873
20.220000 0.199015
-1.940000 -0.360873
-24.160000 0.563036
23.500000 -0.061905
-2.000000 -0.416147
-0.080000 0.996802
15.960000 -0.968407
-6.000000 0.960170
-15.100000 -0.820813
23.260000 -0.297378
-21.240000 -0.730905
12.520000 0.998925
-24.660000 0.890323
11.700000 0.647596
8.860000 -0.844707
17.640000 0.353435
1.580000 -0.009204
17.020000 -0.255882
14.040000 0.097014
3.280000 -0.990437
-20.100000 0.314901
5.760000 0.866232
5.700000 0.834713
-6.880000 0.827130
-15.360000 -0.940069
-17.680000 0.390561
-7.620000 0.231852
6.640000 0.937014
3.500000 -0.936457
-12.580000 0.999907
-19.760000 0.613395
17.760000 0.462879
20.680000 -0.256740
-1.020000 0.523366
-7.600000 0.251260
-22.880000 -0.630304
-19.740000 0.629067
-17.840000 0.532237
-5.520000 0.722638
-12.980000 0.915668
-15.700000 -0.999968
-12.380000 0.982683
-24.860000 0.963036
13.240000 0.781563
23.840000 0.274486
24.860000 0.963036
-8.480000 -0.585923
-23.680000 0.117781
4.840000 0.127265
-2.180000 -0.572215
-2.520000 -0.812952
10.600000 -0.385338
-2.800000 -0.942222
2.120000 -0.522008
7.360000 0.474135
-18.420000 0.909151
21.680000 -0.951983
-0.020000 0.999800
-2.180000 -0.572215
-4.400000 -0.307333
-11.420000 0.411798
-16.460000 -0.730299
-5.420000 0.650020
8.280000 -0.413248
23.340000 -0.220127
15.760000 -0.998646
4.440000 -0.269033
1.700000 -0.128844
15.100000 -0.820813
-17.700000 0.408893
18.700000 0.988837
24.320000 0.687510
8.040000 -0.184947
15.180000 -0.863835
4.580000 -0.132003
14.180000 -0.042820
14.040000 0.097014
-9.220000 -0.979106
-0.520000 0.867819
14.800000 -0.615352
-8.800000 -0.811093
-6.940000 0.791941
7.340000 0.491648
0.000000 1.000000
-24.040000 0.460053
11.560000 0.534931
1.720000 -0.148651
-25.000000 0.991203
-15.920000 -0.977604
5.900000 0.927478
10.500000 -0.475537
24.560000 0.840419
-25.380000 0.969587
8.880000 -0.855242
-20.440000 -0.019646
2.700000 -0.904072
14.360000 -0.220994
12.200000 0.933634
10.240000 -0.685707
-10.880000 -0.115317
12.060000 0.874511
-3.540000 -0.921680
-24.400000 0.743344
-10.480000 -0.493035
-6.960000 0.779572
-13.940000 0.195892
14.180000 -0.042820
-10.200000 -0.714266
-7.620000 0.231852
-9.960000 -0.860155
7.380000 0.456433
19.700000 0.659649
-13.560000 0.545652
-1.160000 0.399340
-0.040000 0.999200
-12.880000 0.951220
23.720000 0.157398
13.060000 0.880619
20.980000 -0.530888
-17.240000 -0.038750
-15.660000 -0.998850
8.180000 -0.320274
5.640000 0.800189
13.240000 0.781563
-3.280000 -0.990437
13.520000 0.578727
24.840000 0.957456
6.500000 0.976588
-9.660000 -0.972463
-25.200000 0.997739
-2.500000 -0.801144
-15.120000 -0.832072
-20.660000 -0.237360
-8.120000 -0.262892
12.000000 0.843854
24.480000 0.794422
-10.480000 -0.493035
17.260000 -0.018758
-14.140000 -0.002833
-13.220000 0.793882
-20.100000 0.314901
13.700000 0.423375
10.720000 -0.272100
10.420000 -0.544317
-4.400000 -0.307333
-8.340000 -0.467109
-23.580000 0.018054
-16.440000 -0.743815
-1.740000 -0.168397
23.500000 -0.061905
-15.500000 -0.978453
-5.260000 0.520649
16.620000 -0.612136
15.040000 -0.785085
-2.760000 -0.928073
15.120000 -0.832072
-6.860000 0.838204
6.140000 0.989766
-18.240000 0.819902
-0.460000 0.896052
8.920000 -0.875282
22.740000 -0.732471
24.300000 0.672850
19.920000 0.479735
-22.600000 -0.820305
2.000000 -0.416147
13.620000 0.494420
9.060000 -0.934203
-1.920000 -0.342150
16.000000 -0.957659
14.280000 -0.142348
-16.040000 -0.945380
17.940000 0.614096
22.800000 -0.690330
21.220000 -0.717111
-11.960000 0.821722
-20.360000 0.060316
-18.620000 0.973768
7.680000 0.173105
-19.080000 0.973565
18.880000 0.999537
-16.640000 -0.596200
-21.560000 -0.908486
-1.960000 -0.379452
-16.860000 -0.406628
25.140000 0.999974
-9.800000 -0.930426
-18.500000 0.939525
17.720000 0.427061
3.260000 -0.992998
9.220000 -0.979106
12.460000 0.994348
-21.840000 -0.988599
13.840000 0.292812
-22.860000 -0.645704
5.880000 0.919816
-20.620000 -0.198324
5.540000 0.736317
13.660000 0.459264
4.580000 -0.132003
-14.440000 -0.298226
-4.120000 -0.558345
-24.920000 0.977456
-2.800000 -0.942222
2.520000 -0.812952
2.900000 -0.970958
-21.660000 -0.945670
-4.800000 0.087499
-12.500000 0.997798
18.700000 0.988837
14.180000 -0.042820
-7.000000 0.753902
-25.120000 0.999919
14.960000 -0.733076
-11.320000 0.318765
-6.220000 0.998004
13.940000 0.195892
7.380000 0.456433
-23.560000 -0.001945
-2.680000 -0.895344
-15.680000 -0.999609
-12.120000 0.902020
-23.220000 -0.335320
-23.460000 -0.101768
23.800000 0.235813
8.460000 -0.569599
19.040000 0.981920
-8.200000 -0.339155
-19.780000 0.597478
3.760000 -0.814803
1.640000 -0.069148
9.080000 -0.941151
-7.160000 0.639603
-11.320000 0.318765
10.720000 -0.272100
0.640000 0.802096
17.520000 0.238907
-11.100000 0.104236
2.080000 -0.487482
-17.740000 0.445059
-20.960000 -0.513834
10.680000 -0.310362
20.420000 0.000352
1.500000 0.070737
2.020000 -0.434248
-5.160000 0.432813
21.980000 -0.999938
11.440000 0.429939
-1.940000 -0.360873
-13.400000 0.672193
-0.500000 0.877583
-25.460000 0.946927
-23.300000 -0.258960
3.460000 -0.949735
20.960000 -0.513834
-5.920000 0.934770
-18.960000 0.993907
-19.480000 0.807766
1.000000 0.540302
3.060000 -0.996673
-11.600000 0.568290
-9.120000 -0.953914
-8.240000 -0.376503
16.700000 -0.546986
-14.000000 0.136737
-24.720000 0.916025
-11.380000 0.375027
-17.420000 0.140771
-1.560000 0.010796
15.960000 -0.968407
12.280000 0.959275
24.380000 0.729818
19.320000 0.891367
4.500000 -0.210796
-19.560000 0.758072
-0.440000 0.904752
-1.100000 0.453596
18.180000 0.784097
-3.260000 -0.992998
4.620000 -0.092258
22.120000 -0.991710
6.220000 0.998004
-18.980000 0.991504
-22.340000 -0.939766
3.260000 -0.992998
-4.300000 -0.400799
22.100000 -0.994082
11.360000 0.356413
-1.700000 -0.128844
25.500000 0.933315
24.720000 0.916025
18.760000 0.995993
-24.600000 0.861418
3.760000 -0.814803
18.020000 0.675203
-7.000000 0.753902
-10.180000 -0.728119
-8.880000 -0.855242
18.100000 0.731991
-7.080000 0.698988
-9.580000 -0.987977
-16.960000 -0.313389
2.400000 -0.737394
-4.760000 0.047593
-23.440000 -0.121643
10.340000 -0.609615
-2.500000 -0.801144
-5.180000 0.450755
-13.600000 0.511704
21.420000 -0.841281
14.920000 -0.705291
6.540000 0.967204
-20.200000 0.218573
6.180000 0.994681
7.520000 0.327807
-7.540000 0.308848
-8.760000 -0.787054
-19.200000 0.939220
-15.480000 -0.974129
-21.560000 -0.908486
-14.500000 -0.354924
-17.260000 -0.018758
12.680000 0.993551
5.520000 0.722638
-11.920000 0.798275
18.860000 0.999945
19.380000 0.862582
15.380000 -0.946700
19.000000 0.988705
12.680000 0.993551
19.180000 0.945898
-16.280000 -0.840800
-10.420000 -0.544317
22.100000 -0.994082
-2.420000 -0.750755
23.280000 -0.278224
-11.940000 0.810160
-13.820000 0.311876
16.560000 -0.658452
14.980000 -0.746531
-21.720000 -0.963464
19.460000 0.819394
1.980000 -0.397879
-12.720000 0.988222
15.620000 -0.996134
-10.020000 -0.828024
2.680000 -0.895344
-17.400000 0.120944
-6.860000 0.838204
-21.020000 -0.564352
23.580000 0.018054
18.380000 0.891769
25.200000 0.997739
-16.680000 -0.563618
-25.460000 0.946927
7.440000 0.402258
-22.440000 -0.900946
-22.760000 -0.718710
15.800000 -0.995768
-17.120000 -0.158094
-22.500000 -0.873305
16.340000 -0.806826
-5.540000 0.736317
-5.680000 0.823533
