-24.5167 0.000000
3.966667 52.808210
1.133333 3.105993
-16.416667 0.000000
-28.150000 0.000000
15.316667 4486873.386313
-15.966667 0.000000
-23.116667 0.000000
-7.333333 0.000653
11.433333 92349.293313
6.133333 460.970170
13.383333 649094.330988
-13.783333 0.000001
3.166667 23.728258
-16.650000 0.000000
-15.250000 0.000000
-3.333333 0.035674
-22.916667 0.000000
-17.850000 0.000000
4.450000 85.626944
11.316667 82179.952683
-2.450000 0.086294
25.583333 129032911068.754089
-7.866667 0.000383
20.000000 485165195.409791
-24.150000 0.000000
-30.250000 0.000000
-16.533333 0.000000
17.733333 50290831.058430
-11.300000 0.000012
-11.483333 0.000010
10.783333 48210.558561
20.050000 510040146.901939
24.666667 51593764889.950989
-4.966667 0.006966
1.450000 4.263115
-17.750000 0.000000
27.116667 597886436094.843994
10.733333 45859.301875
3.050000 21.115344
-22.166667 0.000000
0.133333 1.142631
-18.966667 0.000000
-0.283333 0.753269
30.200000 13052489528882.511719
-10.466667 0.000028
-14.250000 0.000001
19.750000 377847034.104136
7.050000 1152.858743
-18.483333 0.000000
5.233333 187.416485
28.700000 2912404078915.257324
23.516667 16336483034.856419
-27.300000 0.000000
-2.866667 0.056888
24.883333 64075847342.167160
27.800000 1184095135391.708740
-8.700000 0.000167
3.166667 23.728258
22.350000 5087233484.480443
23.966667 25620705411.618740
9.816667 18336.826003
29.966667 10336130272642.156250
23.200000 11902329806.977102
29.650000 7530631358682.052734
27.083333 578285387250.739014
-16.116667 0.000000
-16.950000 0.000000
-30.483333 0.000000
-9.100000 0.000112
24.750000 56077471988.933655
27.300000 718190003631.652954
28.183333 1737265312523.376221
-14.833333 0.000000
-28.000000 0.000000
-26.850000 0.000000
11.016667 60880.406322
27.116667 597886436094.843994
24.233333 33450525497.362099
1.866667 6.466705
-26.283333 0.000000
23.416667 14781861129.047812
-4.916667 0.007324
-13.816667 0.000001
-17.116667 0.000000
-29.066667 0.000000
-18.733333 0.000000
-22.766667 0.000000
27.233333 671871764977.294312
10.000000 22026.465795
-25.450000 0.000000
15.716667 6693628.532891
7.833333 2523.326459
15.750000 6920509.831831
-29.016667 0.000000
-17.516667 0.000000
12.500000 268337.286521
0.300000 1.349859
22.633333 6753544623.008810
-9.166667 0.000104
10.333333 30740.409344
-23.216667 0.000000
15.600000 5956538.013185
-24.716667 0.000000
15.650000 6261936.247726
29.250000 5047933159029.181641
23.416667 14781861129.047812
-16.350000 0.000000
-29.666667 0.000000
-23.733333 0.000000
24.166667 31293200255.760471
-4.466667 0.011486
-17.450000 0.000000
17.933333 61425359.764933
-8.900000 0.000136
14.583333 2155069.072765
26.383333 287168024706.041016
7.716667 2245.462218
25.366667 103897083735.734039
26.883333 473460030597.789856
-3.400000 0.033373
3.966667 52.808210
-26.683333 0.000000
24.533333 45153486460.659897
25.016667 73215037465.079269
16.383333 13037408.151686
16.200000 10853519.899064
-24.833333 0.000000
15.766667 7036818.206506
14.200000 1468864.189654
1.300000 3.669297
21.750000 2791932931.810019
17.700000 48642101.506334
-25.950000 0.000000
-16.166667 0.000000
-30.050000 0.000000
15.183333 3926791.873625
-6.066667 0.002319
-14.516667 0.000000
-13.850000 0.000001
21.833333 3034563209.575987
23.450000 15282893989.958700
-13.066667 0.000002
24.900000 65152727202.379250
-24.233333 0.000000
14.000000 1202604.284165
-1.616667 0.198559
0.533333 1.704605
-7.966667 0.000347
-1.250000 0.286505
11.483333 97084.142831
-8.266667 0.000257
1.950000 7.028688
27.033333 550082076111.695679
-6.116667 0.002206
-4.450000 0.011679
5.283333 197.025534
-27.916667 0.000000
4.533333 93.068272
-12.816667 0.000003
-22.966667 0.000000
-26.100000 0.000000
17.233333 30502930.939366
17.316667 33153759.160263
6.733333 839.942413
20.883333 1173590081.408793
-3.666667 0.025562
3.383333 29.468837
-5.816667 0.002978
-24.216667 0.000000
-28.050000 0.000000
-15.283333 0.000000
-0.800000 0.449329
-25.466667 0.000000
24.683333 52460866748.562576
-24.666667 0.000000
3.400000 29.964100
-18.483333 0.000000
-1.766667 0.170902
28.766667 3113182611690.307617
27.766667 1145275879453.281250
-8.883333 0.000139
20.366667 700053043.570920
14.366667 1735258.005533
15.966667 8594789.166098
-0.950000 0.386741
-12.233333 0.000005
3.933333 51.076951
12.083333 176898.841872
-17.216667 0.000000
-22.466667 0.000000
24.916667 66247705461.308693
25.733333 149914854518.592560
17.416667 36640570.448807
-17.316667 0.000000
6.600000 735.095189
12.533333 277432.609307
-10.716667 0.000022
20.516667 813345597.746847
-1.833333 0.159880
23.650000 18666568872.005043
-25.233333 0.000000
-2.333333 0.096972
-11.983333 0.000006
5.450000 232.758166
12.500000 268337.286521
-28.633333 0.000000
1.333333 3.793668
-29.766667 0.000000
-28.583333 0.000000
-25.950000 0.000000
-24.366667 0.000000
-26.116667 0.000000
-5.483333 0.004155
25.266667 94009968988.907013
7.316667 1505.178337
2.483333 11.981135
24.716667 54239033782.025330
19.233333 225387867.892783
23.333333 13599968769.606674
-16.283333 0.000000
-14.283333 0.000001
-30.500000 0.000000
19.983333 477146120.073316
-3.416667 0.032822
-9.450000 0.000079
17.316667 33153759.160263
10.200000 26903.186074
27.950000 1375722274946.069824
10.166667 26021.194725
10.550000 38177.438312
2.150000 8.584858
14.366667 1735258.005533
25.333333 100490932182.328613
7.833333 2523.326459
-26.450000 0.000000
0.300000 1.349859
-2.800000 0.060810
14.733333 2503833.044183
23.066667 10416601481.516006
-4.800000 0.008230
0.533333 1.704605
-6.050000 0.002358
0.200000 1.221403
1.300000 3.669297
0.633333 1.883880
-6.683333 0.001252
-5.616667 0.003637
4.216667 67.807084
16.733333 18500962.825823
14.283333 1596514.435932
-0.316667 0.728574
-29.950000 0.000000
11.700000 120571.714986
-28.100000 0.000000
-14.116667 0.000001
-23.050000 0.000000
13.766667 952329.785062
-27.766667 0.000000
27.500000 877199251318.763428
4.183333 65.584103
22.866667 8528391975.474820
16.333333 12401566.253109
-17.866667 0.000000
-23.633333 0.000000
-22.200000 0.000000
-27.500000 0.000000
-30.066667 0.000000
-23.883333 0.000000
29.783333 8604731422705.199219
-21.216667 0.000000
27.266667 694644934717.765015
7.450000 1719.863145
-14.283333 0.000001
-16.700000 0.000000
-16.066667 0.000000
-26.766667 0.000000
-27.216667 0.000000
5.216667 184.318763
-2.183333 0.112665
-11.950000 0.000006
16.450000 13936195.410925
16.833333 20446726.071498
15.600000 5956538.013185
23.266667 12722865780.178898
-25.700000 0.000000
0.300000 1.349859
-20.633333 0.000000
-4.433333 0.011875
-27.500000 0.000000
-8.016667 0.000330
4.783333 119.502027
-27.616667 0.000000
10.116667 24752.126083
-3.450000 0.031746
27.883333 1286997797675.635986
-1.333333 0.263597
-17.666667 0.000000
-12.233333 0.000005
4.200000 66.686331
6.350000 572.492709
-0.883333 0.413403
10.233333 27815.072620
-23.816667 0.000000
22.150000 4165074501.832188
-1.900000 0.149569
24.916667 66247705461.308693
-24.350000 0.000000
-28.583333 0.000000
0.983333 2.673353
-18.450000 0.000000
16.366667 12821918.749004
1.666667 5.294490
15.933333 8313018.461698
21.083333 1433426162.382118
16.783333 19449527.473915
-18.833333 0.000000
-21.616667 0.000000
28.250000 1857030829614.448242
8.200000 3640.950307
21.600000 2403038944.052687
1.533333 4.633596
8.050000 3133.794971
22.500000 5910522063.023301
11.133333 68414.039154
2.216667 9.176691
0.483333 1.621470
11.083333 65077.447092
11.033333 61903.582545
4.150000 63.434000
-18.500000 0.000000
-28.550000 0.000000
6.466667 643.335697
12.316667 223388.272042
20.316667 665911053.755937
-5.766667 0.003130
-15.116667 0.000000
-29.500000 0.000000
-29.783333 0.000000
10.966667 57911.233869
-5.166667 0.005704
-19.516667 0.000000
20.216667 602541238.522128
-3.850000 0.021280
-28.800000 0.000000
15.083333 3553108.220095
-9.866667 0.000052
-24.933333 0.000000
24.200000 32353886830.632320
11.433333 92349.293313
10.150000 25591.102207
-11.416667 0.000011
19.816667 403895470.744524
26.266667 255545590396.544373
-5.350000 0.004748
13.116667 497159.742375
-11.850000 0.000007
7.366667 1582.350481
1.733333 5.659487
-8.350000 0.000236
-1.800000 0.165299
-1.366667 0.254955
-12.516667 0.000004
4.966667 143.547597
-23.100000 0.000000
-14.066667 0.000001
11.883333 144832.522025
3.450000 31.500392
8.533333 5081.355488
-20.350000 0.000000
-21.000000 0.000000
-30.333333 0.000000
5.116667 166.778514
-27.600000 0.000000
-11.133333 0.000015
-11.366667 0.000012
-20.100000 0.000000
4.716667 111.794981
15.866667 7776886.837615
4.716667 111.794981
23.316667 13375181057.773670
12.250000 208981.288870
-20.916667 0.000000
13.366667 638365.745364
-12.850000 0.000003
22.650000 6867046925.221453
2.683333 14.633791
-4.183333 0.015248
-23.150000 0.000000
-21.533333 0.000000
2.316667 10.141812
9.816667 18336.826003
29.966667 10336130272642.156250
6.983333 1078.507407
10.500000 36315.502674
-11.866667 0.000007
-29.816667 0.000000
9.716667 16591.846296
-27.216667 0.000000
8.150000 3463.379065
-22.933333 0.000000
-26.400000 0.000000
-25.183333 0.000000
26.800000 435604256701.725037
-30.266667 0.000000
-0.933333 0.393241
23.900000 23968348874.006699
-27.483333 0.000000
7.200000 1339.430764
20.466667 773678264.864923
-12.183333 0.000005
8.750000 6310.688108
0.816667 2.262944
23.800000 21687458909.741428
12.416667 246882.221700
26.000000 195729609428.838348
-16.516667 0.000000
28.200000 1766462367334.235107
-28.150000 0.000000
8.216667 3702.141321
-27.733333 0.000000
-26.750000 0.000000
8.566667 5253.588609
6.050000 424.113030
2.966667 19.427055
-18.600000 0.000000
-16.216667 0.000000
-29.200000 0.000000
-26.333333 0.000000
27.300000 718190003631.652954
24.950000 68493178957.933235
-29.083333 0.000000
24.750000 56077471988.933655
-21.633333 0.000000
-20.250000 0.000000
5.783333 324.840188
-1.183333 0.306256
-22.766667 0.000000
-18.233333 0.000000
13.400000 660003.224766
-20.600000 0.000000
14.566667 2119448.914078
-8.500000 0.000203
-11.066667 0.000016
17.983333 64574705.305373
-18.183333 0.000000
8.000000 2980.957987
-6.016667 0.002438
-5.750000 0.003183
22.183333 4306250174.864294
13.766667 952329.785062
14.416667 1824226.585972
-7.316667 0.000664
1.900000 6.685894
25.283333 95589931587.337204
-12.950000 0.000002
-9.633333 0.000066
5.483333 240.647530
-13.766667 0.000001
9.766667 17442.528446
-0.500000 0.606531
-3.666667 0.025562
8.266667 3891.954166
-8.866667 0.000141
1.000000 2.718282
-0.116667 0.889882
-21.733333 0.000000
-27.116667 0.000000
-6.900000 0.001008
-2.700000 0.067206
6.366667 582.114211
1.150000 3.158193
-19.933333 0.000000
29.066667 4202356967982.625977
-9.183333 0.000103
13.316667 607232.280583
-3.916667 0.019907
-8.383333 0.000229
-29.500000 0.000000
10.066667 23544.950649
-22.750000 0.000000
-11.483333 0.000010
-8.333333 0.000240
-29.416667 0.000000
9.633333 15265.235513
-13.133333 0.000002
-6.500000 0.001503
2.966667 19.427055
-16.066667 0.000000
-1.416667 0.242521
-13.150000 0.000002
-3.350000 0.035084
-11.283333 0.000013
6.733333 839.942413
-14.666667 0.000000
-11.500000 0.000010
-2.100000 0.122456
0.883333 2.418949
14.266667 1570126.373353
27.500000 877199251318.763428
