213.395 213.395000
-486.844500 486.844500
-33.038500 33.038500
632.442000 632.442000
128.858500 128.858500
870.044000 870.044000
-68.510000 68.510000
-729.268000 729.268000
810.797000 810.797000
462.110500 462.110500
701.176000 701.176000
-208.492500 208.492500
-711.061500 711.061500
964.927000 964.927000
-166.854000 166.854000
312.574000 312.574000
-700.662000 700.662000
-546.737000 546.737000
-122.833500 122.833500
348.413500 348.413500
-296.514000 296.514000
-174.597500 174.597500
95.905500 95.905500
-40.710000 40.710000
254.882000 254.882000
847.217500 847.217500
-233.491000 233.491000
401.826500 401.826500
-376.390000 376.390000
-975.776500 975.776500
815.106000 815.106000
-208.298500 208.298500
-275.640000 275.640000
154.422500 154.422500
863.458000 863.458000
-873.712500 873.712500
795.126500 795.126500
-744.175500 744.175500
861.406000 861.406000
772.273500 772.273500
-177.159000 177.159000
-474.205000 474.205000
-937.639500 937.639500
-147.654500 147.654500
-499.816500 499.816500
-984.905000 984.905000
0.893000 0.893000
-667.550500 667.550500
-862.997000 862.997000
596.129500 596.129500
-464.034500 464.034500
-821.550000 821.550000
265.863500 265.863500
917.188000 917.188000
-839.100500 839.100500
-302.685500 302.685500
-365.995500 365.995500
824.888000 824.888000
263.703000 263.703000
-694.273000 694.273000
-262.166500 262.166500
-957.938000 957.938000
923.244000 923.244000
115.565000 115.565000
139.310500 139.310500
-604.451500 604.451500
-496.849000 496.849000
312.667000 312.667000
-441.547000 441.547000
28.973000 28.973000
-566.856500 566.856500
416.568000 416.568000
757.254500 757.254500
162.814000 162.814000
486.513000 486.513000
918.042500 918.042500
-10.388000 10.388000
-272.666500 272.666500
-489.673500 489.673500
788.840000 788.840000
746.171000 746.171000
527.368500 527.368500
320.360500 320.360500
-195.055500 195.055500
112.787000 112.787000
-759.552000 759.552000
547.690000 547.690000
-381.807000 381.807000
-272.540000 272.540000
212.758500 212.758500
-762.624500 762.624500
-360.645500 360.645500
-717.840000 717.840000
-228.090000 228.090000
-242.190500 242.190500
-995.561000 995.561000
797.341000 797.341000
-802.259500 802.259500
-768.509500 768.509500
688.770500 688.770500
417.500000 417.500000
-179.060000 179.060000
498.695500 498.695500
826.182000 826.182000
-396.996500 396.996500
44.921000 44.921000
-621.029000 621.029000
40.778000 40.778000
-887.455500 887.455500
-30.586000 30.586000
776.568500 776.568500
59.275000 59.275000
-887.459000 887.459000
-518.315000 518.315000
-130.095000 130.095000
365.762500 365.762500
-827.877500 827.877500
-369.922500 369.922500
-150.817000 150.817000
-527.770000 527.770000
99.851500 99.851500
-369.632500 369.632500
-455.478500 455.478500
-875.275000 875.275000
695.295000 695.295000
-699.083500 699.083500
756.983500 756.983500
983.927500 983.927500
557.557000 557.557000
406.168000 406.168000
-63.615000 63.615000
777.018500 777.018500
-816.987000 816.987000
858.877000 858.877000
278.182000 278.182000
-781.614000 781.614000
886.340500 886.340500
-426.781000 426.781000
207.166000 207.166000
-632.422000 632.422000
-261.482500 261.482500
-653.607500 653.607500
147.642000 147.642000
-945.328000 945.328000
-976.275000 976.275000
888.072500 888.072500
-524.269500 524.269500
-826.341500 826.341500
-647.726500 647.726500
331.255000 331.255000
794.883000 794.883000
109.887000 109.887000
224.125500 224.125500
953.090500 953.090500
198.977500 198.977500
272.170000 272.170000
-556.708000 556.708000
94.380500 94.380500
-917.337000 917.337000
100.099500 100.099500
-993.577000 993.577000
-417.344500 417.344500
265.665000 265.665000
227.113500 227.113500
-189.921500 189.921500
-526.316500 526.316500
-750.178500 750.178500
398.653000 398.653000
709.168500 709.168500
648.932500 648.932500
-247.772500 247.772500
-318.578500 318.578500
-1.398000 1.398000
-871.849500 871.849500
943.725500 943.725500
-242.905500 242.905500
-917.108500 917.108500
205.250000 205.250000
-46.337000 46.337000
726.069500 726.069500
-99.682000 99.682000
-507.272000 507.272000
-93.038500 93.038500
668.877000 668.877000
537.278000 537.278000
54.678500 54.678500
-316.848500 316.848500
-558.779000 558.779000
78.280000 78.280000
-984.718000 984.718000
-957.271500 957.271500
-232.250500 232.250500
612.309000 612.309000
975.486500 975.486500
274.773500 274.773500
988.713500 988.713500
986.885500 986.885500
892.158000 892.158000
329.925500 329.925500
350.390500 350.390500
399.339000 399.339000
206.543500 206.543500
-366.059000 366.059000
-134.201000 134.201000
368.998500 368.998500
870.282000 870.282000
-585.744000 585.744000
292.464000 292.464000
161.569000 161.569000
-774.781500 774.781500
876.138000 876.138000
874.420500 874.420500
-163.161500 163.161500
797.684000 797.684000
879.993500 879.993500
-86.478000 86.478000
740.134000 740.134000
-296.297000 296.297000
238.987500 238.987500
-183.707000 183.707000
820.264500 820.264500
896.524500 896.524500
-406.926500 406.926500
190.575500 190.575500
-23.930500 23.930500
102.694000 102.694000
362.624500 362.624500
391.961500 391.961500
-548.290500 548.290500
-975.058000 975.058000
-970.293000 970.293000
-435.089000 435.089000
518.358000 518.358000
-897.425500 897.425500
956.486500 956.486500
-547.205000 547.205000
-434.471500 434.471500
-501.918500 501.918500
576.725000 576.725000
271.563500 271.563500
400.065000 400.065000
279.243000 279.243000
15.142000 15.142000
874.406000 874.406000
426.427500 426.427500
17.177500 17.177500
804.935500 804.935500
-445.177000 445.177000
333.473500 333.473500
431.827000 431.827000
937.828500 937.828500
-974.799500 974.799500
-187.523500 187.523500
308.192000 308.192000
812.193500 812.193500
589.641000 589.641000
-771.717500 771.717500
-781.695000 781.695000
-733.933000 733.933000
-908.277000 908.277000
955.837500 955.837500
616.414000 616.414000
-228.104000 228.104000
74.229500 74.229500
23.023500 23.023500
-344.188500 344.188500
758.296000 758.296000
595.092500 595.092500
416.800500 416.800500
986.430000 986.430000
-349.481000 349.481000
496.815500 496.815500
236.272000 236.272000
724.192500 724.192500
-466.593000 466.593000
-444.901000 444.901000
355.523000 355.523000
463.346000 463.346000
288.444500 288.444500
-924.290000 924.290000
521.146000 521.146000
-767.155500 767.155500
-941.136500 941.136500
482.342500 482.342500
730.631000 730.631000
954.195000 954.195000
277.629500 277.629500
-763.721000 763.721000
-594.008000 594.008000
229.699000 229.699000
-318.014500 318.014500
-344.698000 344.698000
866.425000 866.425000
239.279000 239.279000
817.157000 817.157000
-571.895500 571.895500
-806.537000 806.537000
-675.724000 675.724000
-920.635000 920.635000
-110.079500 110.079500
-309.815000 309.815000
-515.789500 515.789500
-708.227000 708.227000
312.138500 312.138500
-239.649500 239.649500
-190.344500 190.344500
-959.534500 959.534500
-227.571000 227.571000
-216.477000 216.477000
24.754000 24.754000
-388.982000 388.982000
-687.147000 687.147000
964.013500 964.013500
337.958500 337.958500
-152.300000 152.300000
815.168500 815.168500
-58.928000 58.928000
208.996500 208.996500
585.716000 585.716000
-304.800000 304.800000
-572.600500 572.600500
-726.617000 726.617000
-835.103000 835.103000
687.524500 687.524500
193.279500 193.279500
-891.784000 891.784000
421.597000 421.597000
593.896500 593.896500
-851.839000 851.839000
-356.364500 356.364500
-378.245000 378.245000
-439.702000 439.702000
155.265500 155.265500
-480.197500 480.197500
-201.110500 201.110500
129.252500 129.252500
-617.286500 617.286500
-302.323000 302.323000
-134.851000 134.851000
-107.438000 107.438000
212.059000 212.059000
279.526500 279.526500
-610.520000 610.520000
464.278500 464.278500
541.525000 541.525000
962.412500 962.412500
-321.348500 321.348500
985.107000 985.107000
888.636500 888.636500
884.136000 884.136000
230.695000 230.695000
948.350000 948.350000
306.542500 306.542500
467.258000 467.258000
375.565500 375.565500
345.061000 345.061000
395.020500 395.020500
-688.119000 688.119000
-291.272000 291.272000
714.003500 714.003500
-351.228000 351.228000
616.806000 616.806000
-256.618500 256.618500
-115.046000 115.046000
949.474500 949.474500
-733.388500 733.388500
-763.365000 763.365000
276.946000 276.946000
-6.756000 6.756000
-901.457000 901.457000
850.477500 850.477500
-581.040000 581.040000
-574.878500 574.878500
466.052500 466.052500
374.929500 374.929500
750.926000 750.926000
-661.298000 661.298000
-952.687000 952.687000
136.940000 136.940000
799.657500 799.657500
558.334000 558.334000
-228.428500 228.428500
2.582000 2.582000
-426.697500 426.697500
-991.961000 991.961000
-739.849500 739.849500
-819.873000 819.873000
125.717500 125.717500
-897.825000 897.825000
494.388000 494.388000
496.966500 496.966500
-463.013000 463.013000
608.780500 608.780500
418.890500 418.890500
593.389000 593.389000
-787.937000 787.937000
-524.274500 524.274500
784.161000 784.161000
-745.528500 745.528500
-525.998000 525.998000
121.582500 121.582500
-53.555000 53.555000
667.031000 667.031000
-813.056500 813.056500
-104.695500 104.695500
-511.615500 511.615500
711.711000 711.711000
-16.951000 16.951000
-180.276000 180.276000
-663.215000 663.215000
632.395000 632.395000
-766.569000 766.569000
27.171500 27.171500
-331.061000 331.061000
-143.269000 143.269000
117.252000 117.252000
951.686500 951.686500
-500.382000 500.382000
-973.519000 973.519000
822.609000 822.609000
561.432500 561.432500
-700.853500 700.853500
312.423000 312.423000
-93.138000 93.138000
-345.129500 345.129500
-465.887000 465.887000
188.233000 188.233000
683.939500 683.939500
-700.052000 700.052000
-812.123000 812.123000
-842.788500 842.788500
703.983500 703.983500
264.927500 264.927500
-919.764000 919.764000
-62.574500 62.574500
-270.874000 270.874000
705.061500 705.061500
877.749500 877.749500
478.718500 478.718500
-38.876000 38.876000
-898.416000 898.416000
640.248500 640.248500
346.921500 346.921500
-905.299000 905.299000
526.202500 526.202500
460.600000 460.600000
-806.118500 806.118500
-990.112000 990.112000
-56.241000 56.241000
-986.069500 986.069500
704.570000 704.570000
-901.115000 901.115000
733.260500 733.260500
720.624500 720.624500
12.184000 12.184000
-856.939000 856.939000
197.330500 197.330500
-921.971500 921.971500
-246.381000 246.381000
7.983500 7.983500
-513.412000 513.412000
-574.131500 574.131500
-896.010500 896.010500
658.412500 658.412500
42.116000 42.116000
-711.845500 711.845500
546.857000 546.857000
238.243500 238.243500
664.228500 664.228500
-806.579500 806.579500
-623.613000 623.613000
155.332000 155.332000
-105.467500 105.467500
-68.832500 68.832500
-951.883500 951.883500
-280.222500 280.222500
-988.914500 988.914500
11.171000 11.171000
-328.306000 328.306000
-948.789500 948.789500
42.728000 42.728000
790.790500 790.790500
813.577000 813.577000
-291.318000 291.318000
534.865500 534.865500
-927.116000 927.116000
155.511000 155.511000
443.355500 443.355500
-834.467000 834.467000
-353.487500 353.487500
736.853500 736.853500
-371.651500 371.651500
-572.561500 572.561500
-355.845000 355.845000
331.966000 331.966000
-800.027000 800.027000
12.474000 12.474000
973.453000 973.453000
-829.828500 829.828500
39.496500 39.496500
