-19.52 -0.520000 -19.000000
-1.740000 -0.740000 -1.000000
-7.300000 -0.300000 -7.000000
-3.760000 -0.760000 -3.000000
-8.920000 -0.920000 -8.000000
23.040000 0.040000 23.000000
20.260000 0.260000 20.000000
-2.840000 -0.840000 -2.000000
6.020000 0.020000 6.000000
-10.560000 -0.560000 -10.000000
5.980000 0.980000 5.000000
-14.160000 -0.160000 -14.000000
20.560000 0.560000 20.000000
-21.200000 -0.200000 -21.000000
2.180000 0.180000 2.000000
16.140000 0.140000 16.000000
-18.160000 -0.160000 -18.000000
13.160000 0.160000 13.000000
-18.400000 -0.400000 -18.000000
-2.540000 -0.540000 -2.000000
0.340000 0.340000 0.000000
6.460000 0.460000 6.000000
6.120000 0.120000 6.000000
12.140000 0.140000 12.000000
-2.220000 -0.220000 -2.000000
-3.180000 -0.180000 -3.000000
-3.080000 -0.080000 -3.000000
-7.240000 -0.240000 -7.000000
-20.600000 -0.600000 -20.000000
17.460000 0.460000 17.000000
3.480000 0.480000 3.000000
-20.860000 -0.860000 -20.000000
20.940000 0.940000 20.000000
-12.260000 -0.260000 -12.000000
-17.220000 -0.220000 -17.000000
-24.260000 -0.260000 -24.000000
6.280000 0.280000 6.000000
11.160000 0.160000 11.000000
-20.340000 -0.340000 -20.000000
14.680000 0.680000 14.000000
7.400000 0.400000 7.000000
5.920000 0.920000 5.000000
-15.900000 -0.900000 -15.000000
17.620000 0.620000 17.000000
-5.860000 -0.860000 -5.000000
14.240000 0.240000 14.000000
-4.640000 -0.640000 -4.000000
-23.780000 -0.780000 -23.000000
-21.100000 -0.100000 -21.000000
-10.420000 -0.420000 -10.000000
-15.760000 -0.760000 -15.000000
18.500000 0.500000 18.000000
-19.640000 -0.640000 -19.000000
5.100000 0.100000 5.000000
-2.740000 -0.740000 -2.000000
-1.980000 -0.980000 -1.000000
-4.840000 -0.840000 -4.000000
-13.800000 -0.800000 -13.000000
20.820000 0.820000 20.000000
-9.600000 -0.600000 -9.000000
11.740000 0.740000 11.000000
-8.980000 -0.980000 -8.000000
-11.560000 -0.560000 -11.000000
22.340000 0.340000 22.000000
23.980000 0.980000 23.000000
8.140000 0.140000 8.000000
23.000000 0.000000 23.000000
19.240000 0.240000 19.000000
-1.560000 -0.560000 -1.000000
-2.840000 -0.840000 -2.000000
3.760000 0.760000 3.000000
-21.340000 -0.340000 -21.000000
-18.200000 -0.200000 -18.000000
-3.200000 -0.200000 -3.000000
-10.880000 -0.880000 -10.000000
-7.220000 -0.220000 -7.000000
-13.880000 -0.880000 -13.000000
-12.380000 -0.380000 -12.000000
18.740000 0.740000 18.000000
-4.360000 -0.360000 -4.000000
22.240000 0.240000 22.000000
-24.360000 -0.360000 -24.000000
13.860000 0.860000 13.000000
7.660000 0.660000 7.000000
13.500000 0.500000 13.000000
5.840000 0.840000 5.000000
3.680000 0.680000 3.000000
-9.060000 -0.060000 -9.000000
-16.660000 -0.660000 -16.000000
24.340000 0.340000 24.000000
-14.560000 -0.560000 -14.000000
-21.260000 -0.260000 -21.000000
-12.820000 -0.820000 -12.000000
-0.240000 -0.240000 0.000000
-2.720000 -0.720000 -2.000000
10.060000 0.060000 10.000000
-6.420000 -0.420000 -6.000000
22.000000 0.000000 22.000000
-3.620000 -0.620000 -3.000000
5.140000 0.140000 5.000000
-10.260000 -0.260000 -10.000000
25.000000 0.000000 25.000000
13.900000 0.900000 13.000000
22.640000 0.640000 22.000000
-12.660000 -0.660000 -12.000000
15.700000 0.700000 15.000000
3.220000 0.220000 3.000000
16.580000 0.580000 16.000000
-8.860000 -0.860000 -8.000000
7.280000 0.280000 7.000000
-15.620000 -0.620000 -15.000000
-24.860000 -0.860000 -24.000000
23.100000 0.100000 23.000000
-10.860000 -0.860000 -10.000000
17.220000 0.220000 17.000000
15.460000 0.460000 15.000000
3.680000 0.680000 3.000000
24.080000 0.080000 24.000000
22.420000 0.420000 22.000000
1.680000 0.680000 1.000000
-11.940000 -0.940000 -11.000000
-16.280000 -0.280000 -16.000000
21.840000 0.840000 21.000000
-10.540000 -0.540000 -10.000000
7.160000 0.160000 7.000000
11.120000 0.120000 11.000000
0.960000 0.960000 0.000000
-18.260000 -0.260000 -18.000000
14.740000 0.740000 14.000000
-2.200000 -0.200000 -2.000000
-19.360000 -0.360000 -19.000000
5.340000 0.340000 5.000000
23.780000 0.780000 23.000000
-5.980000 -0.980000 -5.000000
-1.580000 -0.580000 -1.000000
7.440000 0.440000 7.000000
-15.560000 -0.560000 -15.000000
-13.620000 -0.620000 -13.000000
-25.460000 -0.460000 -25.000000
19.980000 0.980000 19.000000
14.100000 0.100000 14.000000
-20.160000 -0.160000 -20.000000
11.960000 0.960000 11.000000
-5.860000 -0.860000 -5.000000
-23.320000 -0.320000 -23.000000
-23.320000 -0.320000 -23.000000
-14.180000 -0.180000 -14.000000
16.440000 0.440000 16.000000
2.460000 0.460000 2.000000
-9.780000 -0.780000 -9.000000
-16.660000 -0.660000 -16.000000
22.680000 0.680000 22.000000
-6.740000 -0.740000 -6.000000
21.840000 0.840000 21.000000
-17.440000 -0.440000 -17.000000
24.660000 0.660000 24.000000
-18.800000 -0.800000 -18.000000
-4.180000 -0.180000 -4.000000
6.820000 0.820000 6.000000
0.200000 0.200000 0.000000
-2.660000 -0.660000 -2.000000
8.660000 0.660000 8.000000
-13.760000 -0.760000 -13.000000
20.780000 0.780000 20.000000
24.360000 0.360000 24.000000
9.340000 0.340000 9.000000
-17.960000 -0.960000 -17.000000
-13.520000 -0.520000 -13.000000
-10.280000 -0.280000 -10.000000
-4.980000 -0.980000 -4.000000
11.520000 0.520000 11.000000
-10.480000 -0.480000 -10.000000
18.540000 0.540000 18.000000
-5.920000 -0.920000 -5.000000
-19.780000 -0.780000 -19.000000
-15.860000 -0.860000 -15.000000
18.980000 0.980000 18.000000
-0.820000 -0.820000 0.000000
10.160000 0.160000 10.000000
-17.040000 -0.040000 -17.000000
-25.160000 -0.160000 -25.000000
-4.600000 -0.600000 -4.000000
-21.460000 -0.460000 -21.000000
-16.700000 -0.700000 -16.000000
-11.860000 -0.860000 -11.000000
14.600000 0.600000 14.000000
-13.260000 -0.260000 -13.000000
10.660000 0.660000 10.000000
-0.040000 -0.040000 0.000000
16.940000 0.940000 16.000000
24.220000 0.220000 24.000000
-0.080000 -0.080000 0.000000
2.420000 0.420000 2.000000
-24.620000 -0.620000 -24.000000
-19.260000 -0.260000 -19.000000
19.520000 0.520000 19.000000
25.080000 0.080000 25.000000
-24.840000 -0.840000 -24.000000
-6.560000 -0.560000 -6.000000
17.260000 0.260000 17.000000
7.520000 0.520000 7.000000
-5.020000 -0.020000 -5.000000
-15.020000 -0.020000 -15.000000
-25.180000 -0.180000 -25.000000
-6.280000 -0.280000 -6.000000
19.040000 0.040000 19.000000
23.460000 0.460000 23.000000
-14.840000 -0.840000 -14.000000
-16.700000 -0.700000 -16.000000
-11.640000 -0.640000 -11.000000
-7.640000 -0.640000 -7.000000
7.980000 0.980000 7.000000
-15.900000 -0.900000 -15.000000
5.720000 0.720000 5.000000
8.840000 0.840000 8.000000
-1.080000 -0.080000 -1.000000
-14.800000 -0.800000 -14.000000
-23.260000 -0.260000 -23.000000
4.420000 0.420000 4.000000
18.500000 0.500000 18.000000
4.620000 0.620000 4.000000
-7.100000 -0.100000 -7.000000
11.560000 0.560000 11.000000
-0.920000 -0.920000 0.000000
14.040000 0.040000 14.000000
-12.020000 -0.020000 -12.000000
-5.620000 -0.620000 -5.000000
18.800000 0.800000 18.000000
-2.580000 -0.580000 -2.000000
14.920000 0.920000 14.000000
23.660000 0.660000 23.000000
11.580000 0.580000 11.000000
-19.820000 -0.820000 -19.000000
-17.540000 -0.540000 -17.000000
-10.240000 -0.240000 -10.000000
-23.460000 -0.460000 -23.000000
23.260000 0.260000 23.000000
7.520000 0.520000 7.000000
-16.000000 0.000000 -16.000000
-21.880000 -0.880000 -21.000000
14.200000 0.200000 14.000000
7.220000 0.220000 7.000000
-2.360000 -0.360000 -2.000000
-15.800000 -0.800000 -15.000000
22.720000 0.720000 22.000000
-13.400000 -0.400000 -13.000000
-20.740000 -0.740000 -20.000000
18.740000 0.740000 18.000000
22.320000 0.320000 22.000000
-24.080000 -0.080000 -24.000000
-23.420000 -0.420000 -23.000000
-11.040000 -0.040000 -11.000000
9.180000 0.180000 9.000000
-10.980000 -0.980000 -10.000000
-10.820000 -0.820000 -10.000000
22.300000 0.300000 22.000000
4.760000 0.760000 4.000000
9.900000 0.900000 9.000000
25.060000 0.060000 25.000000
0.280000 0.280000 0.000000
22.280000 0.280000 22.000000
14.880000 0.880000 14.000000
-21.940000 -0.940000 -21.000000
-8.080000 -0.080000 -8.000000
9.720000 0.720000 9.000000
6.120000 0.120000 6.000000
8.020000 0.020000 8.000000
-10.700000 -0.700000 -10.000000
-21.640000 -0.640000 -21.000000
-12.520000 -0.520000 -12.000000
1.080000 0.080000 1.000000
-0.940000 -0.940000 0.000000
14.300000 0.300000 14.000000
20.120000 0.120000 20.000000
-19.180000 -0.180000 -19.000000
-20.020000 -0.020000 -20.000000
-8.980000 -0.980000 -8.000000
0.400000 0.400000 0.000000
-2.440000 -0.440000 -2.000000
7.100000 0.100000 7.000000
18.620000 0.620000 18.000000
11.760000 0.760000 11.000000
4.460000 0.460000 4.000000
-3.640000 -0.640000 -3.000000
18.820000 0.820000 18.000000
-14.420000 -0.420000 -14.000000
-16.820000 -0.820000 -16.000000
-12.300000 -0.300000 -12.000000
-8.520000 -0.520000 -8.000000
-14.380000 -0.380000 -14.000000
3.120000 0.120000 3.000000
23.260000 0.260000 23.000000
3.940000 0.940000 3.000000
1.500000 0.500000 1.000000
8.540000 0.540000 8.000000
12.140000 0.140000 12.000000
4.900000 0.900000 4.000000
-24.560000 -0.560000 -24.000000
-23.980000 -0.980000 -23.000000
12.660000 0.660000 12.000000
-19.540000 -0.540000 -19.000000
-3.480000 -0.480000 -3.000000
3.280000 0.280000 3.000000
20.080000 0.080000 20.000000
-2.120000 -0.120000 -2.000000
15.380000 0.380000 15.000000
18.980000 0.980000 18.000000
-19.440000 -0.440000 -19.000000
-0.500000 -0.500000 0.000000
0.640000 0.640000 0.000000
-4.940000 -0.940000 -4.000000
-19.360000 -0.360000 -19.000000
1.060000 0.060000 1.000000
-3.500000 -0.500000 -3.000000
-2.080000 -0.080000 -2.000000
24.320000 0.320000 24.000000
-10.340000 -0.340000 -10.000000
15.440000 0.440000 15.000000
-0.260000 -0.260000 0.000000
-5.740000 -0.740000 -5.000000
-9.820000 -0.820000 -9.000000
8.820000 0.820000 8.000000
-14.120000 -0.120000 -14.000000
9.020000 0.020000 9.000000
-16.940000 -0.940000 -16.000000
24.200000 0.200000 24.000000
-3.900000 -0.900000 -3.000000
-8.280000 -0.280000 -8.000000
19.880000 0.880000 19.000000
10.360000 0.360000 10.000000
12.360000 0.360000 12.000000
17.720000 0.720000 17.000000
14.180000 0.180000 14.000000
18.560000 0.560000 18.000000
9.240000 0.240000 9.000000
-2.740000 -0.740000 -2.000000
-19.500000 -0.500000 -19.000000
18.520000 0.520000 18.000000
-6.720000 -0.720000 -6.000000
25.380000 0.380000 25.000000
-23.840000 -0.840000 -23.000000
12.140000 0.140000 12.000000
18.240000 0.240000 18.000000
-0.480000 -0.480000 0.000000
0.960000 0.960000 0.000000
24.120000 0.120000 24.000000
-6.060000 -0.060000 -6.000000
14.760000 0.760000 14.000000
21.060000 0.060000 21.000000
-15.620000 -0.620000 -15.000000
4.880000 0.880000 4.000000
-5.100000 -0.100000 -5.000000
17.620000 0.620000 17.000000
-14.280000 -0.280000 -14.000000
7.660000 0.660000 7.000000
-3.940000 -0.940000 -3.000000
-20.040000 -0.040000 -20.000000
-9.040000 -0.040000 -9.000000
16.600000 0.600000 16.000000
-0.320000 -0.320000 0.000000
14.880000 0.880000 14.000000
6.280000 0.280000 6.000000
22.560000 0.560000 22.000000
-20.040000 -0.040000 -20.000000
20.640000 0.640000 20.000000
-21.240000 -0.240000 -21.000000
-6.920000 -0.920000 -6.000000
13.220000 0.220000 13.000000
-19.660000 -0.660000 -19.000000
-20.860000 -0.860000 -20.000000
-15.840000 -0.840000 -15.000000
5.060000 0.060000 5.000000
-16.060000 -0.060000 -16.000000
9.800000 0.800000 9.000000
18.760000 0.760000 18.000000
-0.940000 -0.940000 0.000000
19.180000 0.180000 19.000000
15.700000 0.700000 15.000000
19.360000 0.360000 19.000000
20.240000 0.240000 20.000000
-16.860000 -0.860000 -16.000000
22.500000 0.500000 22.000000
-12.760000 -0.760000 -12.000000
14.060000 0.060000 14.000000
12.020000 0.020000 12.000000
11.520000 0.520000 11.000000
19.280000 0.280000 19.000000
-25.020000 -0.020000 -25.000000
-18.860000 -0.860000 -18.000000
6.360000 0.360000 6.000000
3.740000 0.740000 3.000000
-9.660000 -0.660000 -9.000000
-8.480000 -0.480000 -8.000000
-23.460000 -0.460000 -23.000000
-9.320000 -0.320000 -9.000000
8.500000 0.500000 8.000000
-19.520000 -0.520000 -19.000000
-9.360000 -0.360000 -9.000000
-5.380000 -0.380000 -5.000000
22.660000 0.660000 22.000000
-16.260000 -0.260000 -16.000000
-10.500000 -0.500000 -10.000000
8.300000 0.300000 8.000000
-11.600000 -0.600000 -11.000000
-7.620000 -0.620000 -7.000000
0.160000 0.160000 0.000000
-11.240000 -0.240000 -11.000000
-3.740000 -0.740000 -3.000000
-1.160000 -0.160000 -1.000000
16.460000 0.460000 16.000000
11.760000 0.760000 11.000000
6.780000 0.780000 6.000000
6.920000 0.920000 6.000000
3.160000 0.160000 3.000000
-5.440000 -0.440000 -5.000000
-9.960000 -0.960000 -9.000000
-6.780000 -0.780000 -6.000000
7.880000 0.880000 7.000000
7.340000 0.340000 7.000000
4.680000 0.680000 4.000000
-20.660000 -0.660000 -20.000000
-0.640000 -0.640000 0.000000
-5.500000 -0.500000 -5.000000
-24.440000 -0.440000 -24.000000
14.020000 0.020000 14.000000
19.640000 0.640000 19.000000
-1.860000 -0.860000 -1.000000
-10.020000 -0.020000 -10.000000
-10.400000 -0.400000 -10.000000
24.460000 0.460000 24.000000
23.300000 0.300000 23.000000
-8.480000 -0.480000 -8.000000
1.900000 0.900000 1.000000
2.320000 0.320000 2.000000
-3.300000 -0.300000 -3.000000
9.780000 0.780000 9.000000
-4.920000 -0.920000 -4.000000
2.380000 0.380000 2.000000
-17.740000 -0.740000 -17.000000
13.800000 0.800000 13.000000
11.080000 0.080000 11.000000
-6.340000 -0.340000 -6.000000
-7.260000 -0.260000 -7.000000
1.100000 0.100000 1.000000
-16.220000 -0.220000 -16.000000
7.460000 0.460000 7.000000
9.620000 0.620000 9.000000
-4.180000 -0.180000 -4.000000
20.980000 0.980000 20.000000
7.080000 0.080000 7.000000
16.080000 0.080000 16.000000
-16.460000 -0.460000 -16.000000
-8.520000 -0.520000 -8.000000
21.200000 0.200000 21.000000
-10.020000 -0.020000 -10.000000
16.300000 0.300000 16.000000
-10.820000 -0.820000 -10.000000
11.520000 0.520000 11.000000
-20.080000 -0.080000 -20.000000
-1.920000 -0.920000 -1.000000
-23.860000 -0.860000 -23.000000
-9.040000 -0.040000 -9.000000
21.540000 0.540000 21.000000
18.160000 0.160000 18.000000
16.880000 0.880000 16.000000
-4.600000 -0.600000 -4.000000
-10.060000 -0.060000 -10.000000
-25.140000 -0.140000 -25.000000
-1.280000 -0.280000 -1.000000
9.480000 0.480000 9.000000
-25.260000 -0.260000 -25.000000
-6.260000 -0.260000 -6.000000
5.940000 0.940000 5.000000
-9.140000 -0.140000 -9.000000
15.260000 0.260000 15.000000
6.360000 0.360000 6.000000
2.740000 0.740000 2.000000
10.300000 0.300000 10.000000
1.140000 0.140000 1.000000
18.960000 0.960000 18.000000
20.380000 0.380000 20.000000
11.480000 0.480000 11.000000
11.140000 0.140000 11.000000
-1.440000 -0.440000 -1.000000
-9.720000 -0.720000 -9.000000
3.560000 0.560000 3.000000
-15.320000 -0.320000 -15.000000
8.100000 0.100000 8.000000
-1.980000 -0.980000 -1.000000
-0.980000 -0.980000 0.000000
-18.060000 -0.060000 -18.000000
0.400000 0.400000 0.000000
8.380000 0.380000 8.000000
-2.580000 -0.580000 -2.000000
5.280000 0.280000 5.000000
-6.780000 -0.780000 -6.000000
-14.020000 -0.020000 -14.000000
-24.840000 -0.840000 -24.000000
-21.160000 -0.160000 -21.000000
-14.120000 -0.120000 -14.000000
