-0.06 -0.060036
-20.580000 -433261842.132127
-23.260000 -6319164389.042263
14.860000 1420973.587210
6.800000 448.923089
7.720000 1126.479568
-10.120000 -12417.385397
6.260000 261.608514
8.740000 3123.947776
6.860000 476.683009
-20.580000 -433261842.132127
-11.680000 -59092.117530
-19.300000 -120462952.975795
21.460000 1044550847.998127
16.900000 10928152.541163
6.560000 353.135139
15.260000 2119843.492096
-20.420000 -369201387.768952
25.140000 41412674548.573654
22.840000 4151986865.708775
-24.320000 -18239452768.946774
6.080000 218.513453
-1.880000 -3.200457
9.920000 10166.495290
-15.600000 -2978269.006592
25.480000 58182637325.812531
5.000000 74.203211
-9.180000 -4850.576335
-0.100000 -0.100167
-2.080000 -3.939769
-24.080000 -14347661718.660955
17.840000 27975867.442045
-14.440000 -933646.176517
-24.280000 -17524273596.321659
-15.120000 -1842903.397610
-15.780000 -3565635.366740
5.140000 85.354955
-22.660000 -3468030947.097393
-11.580000 -53468.759051
-13.060000 -234885.354157
0.380000 0.389212
4.820000 61.978512
10.260000 14283.393079
22.660000 3468030947.097393
-11.160000 -35131.478090
-17.480000 -19518100.415616
21.660000 1275817286.783453
5.580000 132.533917
-2.220000 -4.549361
6.220000 251.350621
-1.880000 -3.200457
13.700000 445455.582989
1.500000 2.129279
-24.220000 -16503739349.842550
22.120000 2020988973.599917
-15.780000 -3565635.366740
-25.280000 -47635914473.825821
22.500000 2955261031.511651
-21.460000 -1044550847.998127
-12.820000 -184767.363736
9.300000 5469.009558
3.080000 10.856222
8.720000 3062.089462
21.620000 1225791775.429516
17.160000 14173049.822307
6.900000 496.136854
-2.660000 -7.113170
-0.020000 -0.020001
13.420000 336668.087163
-0.040000 -0.040011
-17.220000 -15049462.277334
20.020000 247483091.245705
-17.500000 -19912392.198788
-4.960000 -71.293391
18.060000 34860077.437529
0.940000 1.084677
-6.640000 -382.546843
14.840000 1392836.424987
6.020000 205.788083
-23.980000 -12982301184.366619
2.120000 4.105553
7.440000 851.374817
-1.260000 -1.620884
-16.660000 -8596389.258864
-17.160000 -14173049.822307
-15.640000 -3099814.470504
-7.080000 -593.983838
-4.040000 -28.404373
4.500000 45.003011
20.600000 442014311.925657
-8.500000 -2457.384318
-8.360000 -2136.347266
24.360000 18983818957.292900
-16.180000 -5319302.902886
-14.300000 -811672.992504
7.920000 1375.885341
19.940000 228455686.983206
2.100000 4.021857
-20.460000 -384268782.236707
8.860000 3522.241301
9.840000 9384.857983
9.220000 5048.532115
21.300000 890107517.380993
10.120000 12417.385397
-22.820000 -4069772017.354814
12.540000 139644.169462
-20.720000 -498369745.049202
5.680000 146.473008
0.640000 0.684594
-7.920000 -1375.885341
18.080000 35564297.715203
9.040000 4216.888469
10.500000 18157.751323
-23.780000 -10629009225.361658
0.040000 0.040011
10.680000 21738.775165
-7.900000 -1348.640979
8.940000 3815.598462
-23.820000 -11062787320.746704
10.160000 12924.148511
-18.800000 -73064474.339341
-3.920000 -25.190302
-18.960000 -85741954.920518
11.920000 75120.804202
-0.060000 -0.060036
-7.400000 -817.991909
-11.780000 -65306.889782
18.960000 85741954.920518
-16.860000 -10499653.550995
9.840000 9384.857983
-5.540000 -127.337036
17.660000 23367408.712730
-20.640000 -460053258.199459
-1.820000 -3.004916
-4.620000 -50.742090
-8.020000 -1520.588502
4.840000 63.230722
10.000000 11013.232875
21.720000 1354709421.821012
20.300000 327452256.076619
-18.860000 -77582529.107637
-8.760000 -3187.055711
4.960000 71.293391
-3.840000 -23.251990
-25.060000 -38228716823.377937
22.420000 2728049766.027835
6.880000 486.312666
7.760000 1172.452089
-5.600000 -135.211355
-19.860000 -210891179.079186
4.320000 37.587664
-0.980000 -1.144573
23.800000 10843729454.870714
-14.120000 -677966.272045
-12.640000 -154330.674969
4.800000 60.751094
8.980000 3971.315995
-19.940000 -228455686.983206
-6.920000 -506.159503
3.640000 19.032792
-2.060000 -3.859258
-10.380000 -16104.480730
-1.180000 -1.473548
5.560000 129.909494
-23.780000 -10629009225.361658
12.500000 134168.643259
-22.060000 -1903295738.101231
-20.780000 -529187208.985737
7.560000 959.922496
9.660000 7838.892302
-0.600000 -0.636654
-2.740000 -7.711207
22.920000 4497793676.778601
-4.120000 -30.771499
16.700000 8947214.559777
21.780000 1438479974.038888
-6.900000 -496.136854
-12.500000 -134168.643259
-5.600000 -135.211355
7.160000 643.455078
-21.620000 -1225791775.429516
13.040000 230234.312524
-14.440000 -933646.176517
-6.620000 -374.971882
-1.780000 -2.880609
10.420000 16761.717058
15.160000 1918113.712028
14.640000 1140358.015144
0.740000 0.809411
-12.260000 -105540.792868
-8.720000 -3062.089462
7.320000 755.101654
1.080000 1.302542
23.620000 9057444194.256498
-11.860000 -70746.109132
-11.360000 -42909.684240
-5.800000 -165.148266
23.360000 6983756709.308743
-19.780000 -194677094.716748
1.740000 2.760912
-9.980000 -10795.156252
-18.980000 -87474057.306427
-18.340000 -46124407.717986
-10.180000 -13185.233630
0.220000 0.221779
-23.140000 -5604596039.616874
4.060000 28.978531
15.120000 1842903.397610
-18.620000 -61028578.928075
-5.660000 -143.572580
-1.480000 -2.082654
-8.400000 -2223.533261
-8.820000 -3384.132239
0.940000 1.084677
24.840000 30679263872.745243
23.800000 10843729454.870714
-17.320000 -16632228.041586
-0.080000 -0.080085
-3.060000 -10.640335
-23.400000 -7268769227.386918
13.860000 522746.969182
14.700000 1210873.816626
2.520000 6.174069
16.400000 6628259.570232
2.880000 8.879069
14.500000 991379.631769
21.680000 1301590505.605779
-11.400000 -44660.861675
23.020000 4970830767.080224
11.180000 35841.181025
-15.940000 -4184311.864862
-2.660000 -7.113170
10.460000 17445.775709
-2.980000 -9.818512
9.700000 8158.803568
15.120000 1842903.397610
-18.680000 -64802375.489558
23.980000 12982301184.366619
-23.660000 -9427085504.028458
7.600000 999.097697
2.480000 5.928761
-0.980000 -1.144573
-15.360000 -2342789.378336
13.140000 254448.266545
-2.320000 -5.038700
-16.720000 -9127960.283392
5.220000 92.464388
16.560000 7778334.661422
-23.120000 -5493617602.452754
21.160000 773822300.625550
-10.680000 -21738.775165
-1.680000 -2.589591
-1.420000 -1.947703
-6.620000 -374.971882
4.440000 42.381573
-25.240000 -45768083550.814926
7.080000 593.983838
11.220000 37303.887371
1.240000 1.583115
1.880000 3.200457
22.640000 3399359333.331634
-24.560000 -23186888834.850868
18.460000 52005124.482993
-14.780000 -1311723.946137
-10.580000 -19670.057189
5.500000 122.343923
-14.060000 -638484.589979
15.900000 4020242.649879
-24.140000 -15234871570.344082
14.320000 828069.874616
13.060000 234885.354157
13.340000 310783.814567
-13.860000 -522746.969182
-18.540000 -56336478.805252
-6.020000 -205.788083
20.300000 327452256.076619
7.500000 904.020931
17.020000 12321457.583740
2.500000 6.050204
16.780000 9692401.824320
21.300000 890107517.380993
-14.240000 -764404.837208
-13.080000 -239630.353064
-14.780000 -1311723.946137
-13.560000 -387260.479576
22.320000 2468441506.566230
-10.400000 -16429.812822
18.540000 56336478.805252
-8.500000 -2457.384318
12.620000 151274.722855
2.400000 5.466229
-19.900000 -219497811.367753
-24.160000 -15542636391.200558
8.440000 2314.277384
2.160000 4.277906
-14.780000 -1311723.946137
-14.540000 -1031838.602060
-20.820000 -550783748.677154
-23.000000 -4872401723.124460
3.920000 25.190302
12.780000 177522.531777
11.460000 47422.535127
-21.080000 -714328014.905958
5.800000 165.148266
13.360000 317062.064080
-25.360000 -51603370106.365639
-19.240000 -113447736.723430
8.620000 2770.693107
21.320000 908088881.999975
-12.840000 -188499.912077
2.960000 9.623076
-11.580000 -53468.759051
-12.780000 -177522.531777
-6.760000 -431.320518
25.480000 58182637325.812531
-21.040000 -686318812.812288
-12.140000 -93606.286101
-0.100000 -0.100167
-7.060000 -582.222153
18.180000 39304627.556627
19.920000 223931961.290322
-18.380000 -48006780.506122
4.380000 39.912754
16.340000 6242259.782635
-15.800000 -3637665.979195
5.400000 110.700950
16.920000 11148915.866511
3.640000 19.032792
3.080000 10.856222
-16.120000 -5009530.817329
11.600000 54548.899634
-3.960000 -26.219131
-13.840000 -512395.885667
2.500000 6.050204
19.780000 194677094.716748
20.780000 529187208.985737
17.580000 21570836.955419
-2.040000 -3.780290
-23.320000 -6709919691.913054
10.800000 24510.400558
22.840000 4151986865.708775
15.980000 4355076.871529
12.840000 188499.912077
-19.920000 -223931961.290322
-17.740000 -25313611.663576
10.760000 23549.334005
-1.500000 -2.129279
-10.720000 -22625.951410
5.820000 168.484543
15.500000 2694849.238141
17.280000 15980069.051929
16.800000 9888201.329249
1.840000 3.068860
6.360000 289.122314
16.680000 8770047.841285
23.780000 10629009225.361658
4.960000 71.293391
22.580000 3201396057.040313
-7.920000 -1375.885341
18.540000 56336478.805252
-5.800000 -165.148266
2.120000 4.105553
14.720000 1235335.090325
-0.280000 -0.283673
9.780000 8838.326398
17.800000 26878917.989442
18.540000 56336478.805252
3.980000 26.749174
9.260000 5254.566623
-6.540000 -346.142567
-16.500000 -7325359.714477
11.180000 35841.181025
-2.860000 -8.702129
21.880000 1589766233.541988
20.820000 550783748.677154
-9.860000 -9574.444692
19.380000 130495959.092615
16.200000 5426759.949532
-16.260000 -5762332.043742
20.800000 539877499.732268
22.280000 2371652530.674084
-18.380000 -48006780.506122
21.660000 1275817286.783453
-9.520000 -6814.805570
18.340000 46124407.717986
-24.740000 -27759745909.858696
-0.800000 -0.888106
-0.180000 -0.180974
3.860000 23.722142
23.920000 12226270819.745270
4.780000 59.547977
-11.700000 -60285.857489
-19.560000 -156232028.042912
-17.180000 -14459364.420984
-23.660000 -9427085504.028458
-17.280000 -15980069.051929
4.680000 53.880397
4.700000 54.969039
-0.940000 -1.084677
16.600000 8095774.520883
1.060000 1.269958
19.300000 120462952.975795
7.320000 755.101654
-22.700000 -3609563974.971581
23.940000 12473257873.834146
-19.400000 -133132152.334362
-17.720000 -24812368.569239
19.160000 104725460.229966
9.880000 9767.861305
-16.140000 -5110730.052745
9.300000 5469.009558
3.560000 17.567379
-25.040000 -37471737512.494698
3.320000 13.812099
-22.440000 -2783160026.961275
-14.980000 -1602143.245757
20.880000 584842313.588655
-13.640000 -419514.269346
8.440000 2314.277384
-0.620000 -0.660492
17.340000 16968221.335657
-19.180000 -106841054.861530
18.700000 66111470.311363
12.440000 126355.269740
14.880000 1449679.157814
-14.460000 -952507.080394
-1.520000 -2.176757
-8.660000 -2883.767245
-17.980000 -32179907.318887
-8.900000 -3665.986701
-11.460000 -47422.535127
-2.300000 -4.936962
-21.700000 -1327884377.985118
16.640000 8426169.346767
-20.280000 -320968266.977606
1.620000 2.427596
-18.900000 -80748732.184324
8.820000 3384.132239
17.880000 29117584.251058
3.580000 17.922833
18.820000 74540474.629346
22.520000 3014961264.477038
-12.820000 -184767.363736
-11.460000 -47422.535127
8.340000 2094.044751
-16.540000 -7624313.315662
-8.760000 -3187.055711
15.860000 3862606.680834
-16.580000 -7935467.444760
-3.660000 -19.417805
0.160000 0.160684
9.860000 9574.444692
8.500000 2457.384318
-1.580000 -2.324490
7.140000 630.713798
-24.840000 -30679263872.745243
-22.540000 -3075867522.148221
-12.060000 -86409.492824
-21.460000 -1044550847.998127
20.220000 302276530.245509
-14.260000 -779846.839243
8.220000 1857.251057
-7.420000 -834.516454
-13.200000 -270182.468622
12.300000 109847.994334
-13.620000 -411207.330246
-4.200000 -33.335668
-24.820000 -30071773746.092903
21.760000 1409996162.131254
24.340000 18607914156.234131
-5.480000 -119.921269
-8.820000 -3384.132239
22.660000 3468030947.097393
1.800000 2.942174
-21.480000 -1065652174.853770
-15.400000 -2438400.426636
18.200000 40098633.702523
-25.000000 -36002449668.692848
1.780000 2.880609
-3.060000 -10.640335
5.920000 186.204514
-15.020000 -1667527.951983
0.800000 0.888106
20.180000 290424097.963493
17.980000 32179907.318887
23.660000 9427085504.028458
21.780000 1438479974.038888
12.220000 101402.479187
7.280000 725.493668
13.020000 225675.367686
-9.520000 -6814.805570
6.760000 431.320518
-14.040000 -625841.748024
6.080000 218.513453
-7.500000 -904.020931
11.160000 35131.478090
21.840000 1527430607.908108
18.280000 43438331.321379
11.860000 70746.109132
-20.240000 -308382921.215107
