274.916 16.580591
815.438000 28.555875
-336.326000 nan
-919.947000 nan
-897.117000 nan
767.541000 27.704530
-123.357000 nan
780.810500 27.942987
452.844000 21.280132
-880.126500 nan
94.955000 9.744486
-985.456500 nan
-588.514000 nan
611.326000 24.725008
938.017500 30.627071
213.134500 14.599127
957.965000 30.951010
233.559500 15.282654
28.578000 5.345840
802.008500 28.319755
-12.276500 nan
-900.914500 nan
762.634500 27.615838
538.657000 23.208985
244.401500 15.633346
923.053000 30.381787
-180.230500 nan
114.193000 10.686112
834.226000 28.882971
-378.049500 nan
-272.966500 nan
380.557500 19.507883
476.060000 21.818799
782.568500 27.974426
-765.771000 nan
-598.915000 nan
-821.646500 nan
-835.761000 nan
-898.892000 nan
332.294500 18.228947
-734.781500 nan
132.333500 11.503630
-317.784500 nan
-842.640500 nan
425.134500 20.618790
-254.004000 nan
-792.124500 nan
896.832000 29.947153
659.111000 25.673157
-555.291500 nan
404.712500 20.117468
-856.622500 nan
23.353000 4.832494
-302.346000 nan
-383.912500 nan
397.231500 19.930667
-758.500000 nan
973.835500 31.206337
-346.595500 nan
121.034000 11.001545
-226.846000 nan
172.657500 13.139920
48.468000 6.961896
-45.454500 nan
648.286000 25.461461
-757.980500 nan
-595.637000 nan
-207.358000 nan
591.962000 24.330269
239.542500 15.477161
-979.515000 nan
-940.049500 nan
-970.580000 nan
-122.443500 nan
840.264000 28.987308
811.852000 28.493017
629.454000 25.088922
992.638500 31.506166
-753.443000 nan
-428.027000 nan
-657.935000 nan
242.854500 15.583790
-763.730500 nan
801.013500 28.302182
-509.134000 nan
-432.881500 nan
351.356500 18.744506
-342.039000 nan
608.533000 24.668462
-668.245000 nan
-951.561500 nan
-539.352000 nan
28.179500 5.308437
-404.977000 nan
-241.620500 nan
-763.412000 nan
799.712000 28.279180
-66.291500 nan
-705.506000 nan
841.447000 29.007706
-190.150500 nan
745.272000 27.299670
-140.998000 nan
-262.439000 nan
-896.565500 nan
-714.258500 nan
-973.404000 nan
-914.422500 nan
-144.564000 nan
415.440000 20.382345
-558.875000 nan
-71.008500 nan
-147.529000 nan
-576.342000 nan
-491.638000 nan
878.585500 29.640943
-958.490500 nan
898.831500 29.980519
471.386000 21.711426
-688.104500 nan
-268.193000 nan
-513.376500 nan
527.800000 22.973898
-672.067000 nan
-114.649500 nan
921.172500 30.350824
115.598500 10.751674
-455.110500 nan
-49.718000 nan
368.414500 19.194127
986.404500 31.407077
-326.165500 nan
-631.351500 nan
641.568000 25.329193
891.014000 29.849858
364.224000 19.084654
-431.312000 nan
-796.294000 nan
-778.819000 nan
-969.793000 nan
711.012500 26.664818
161.020000 12.689366
-933.017000 nan
971.436000 31.167868
804.583000 28.365172
-420.953000 nan
-545.036000 nan
-657.532500 nan
-483.599500 nan
-158.964500 nan
593.721500 24.366401
-685.344000 nan
-965.317500 nan
458.777000 21.419080
39.726000 6.302856
944.477000 30.732345
753.697500 27.453552
23.046500 4.800677
93.535000 9.671349
939.977500 30.659052
-122.779000 nan
554.394500 23.545583
-759.619500 nan
270.982500 16.461546
361.226000 19.005946
-897.825000 nan
-22.574000 nan
-637.320000 nan
802.575000 28.329755
496.968500 22.292790
-745.760000 nan
-998.660500 nan
131.140500 11.451659
-370.013000 nan
-174.648000 nan
-937.236500 nan
-766.163500 nan
167.420500 12.939107
319.751000 17.881583
-818.975000 nan
888.828500 29.813227
631.322000 25.126122
-95.619000 nan
846.428000 29.093436
-471.580000 nan
681.475000 26.105076
-547.913000 nan
782.338500 27.970315
890.637000 29.843542
475.213500 21.799392
-253.575500 nan
703.703000 26.527401
-753.701500 nan
103.135500 10.155565
-998.761500 nan
-289.541000 nan
-809.123000 nan
738.106500 27.168116
60.530000 7.780103
-977.291500 nan
571.076000 23.897196
-577.824500 nan
-172.956000 nan
4.886000 2.210430
83.186500 9.120663
-414.711000 nan
194.803500 13.957202
24.760000 4.975942
229.456000 15.147805
-180.972500 nan
700.197000 26.461236
724.495500 26.916454
-79.561000 nan
12.080000 3.475629
323.836500 17.995458
-249.708500 nan
494.942000 22.247292
496.130000 22.273976
-789.815000 nan
-82.821500 nan
234.019000 15.297680
754.523500 27.468591
-722.005000 nan
-870.979000 nan
483.596000 21.990816
8.784000 2.963781
937.536500 30.619218
430.003500 20.736526
603.073500 24.557555
-248.705000 nan
-864.454500 nan
-310.189500 nan
-187.029500 nan
66.163500 8.134095
400.376000 20.009398
-683.889500 nan
-633.184500 nan
778.470000 27.901075
-969.619000 nan
-617.687500 nan
-877.698000 nan
-69.913500 nan
-518.140000 nan
940.940000 30.674745
67.609500 8.222500
-842.156500 nan
-995.253500 nan
675.958500 25.999202
-923.086000 nan
558.424500 23.631007
-431.917500 nan
-955.609000 nan
558.735000 23.637576
-286.364500 nan
-234.757000 nan
959.737000 30.979622
302.447500 17.391018
743.025000 27.258485
-785.517500 nan
747.211000 27.335161
892.721000 29.878437
-729.701000 nan
-360.391500 nan
-309.308000 nan
-721.546500 nan
-44.289000 nan
-613.588000 nan
245.236000 15.660013
471.065000 21.704032
-716.072500 nan
71.961500 8.483012
-136.306000 nan
-705.860500 nan
257.804500 16.056292
989.761000 31.460467
551.000000 23.473389
687.450500 26.219277
-688.173500 nan
132.824000 11.524930
36.287500 6.023911
-588.792000 nan
-974.663500 nan
751.716500 27.417449
-10.354000 nan
749.600500 27.378833
-589.393500 nan
-138.867000 nan
-160.382000 nan
653.296500 25.559665
-177.712000 nan
-991.693500 nan
905.157500 30.085836
515.996000 22.715545
-238.362000 nan
541.784500 23.276265
-638.456500 nan
237.448000 15.409348
472.085000 21.727517
-217.909500 nan
-505.310000 nan
-71.136500 nan
-440.239000 nan
-352.413000 nan
-737.548500 nan
355.751000 18.861363
671.709500 25.917359
599.785000 24.490508
-48.646000 nan
991.635000 31.490237
-651.165500 nan
-155.817000 nan
-173.870000 nan
319.695500 17.880031
-189.728500 nan
-887.094000 nan
-924.302500 nan
-778.350500 nan
-30.971000 nan
-576.156000 nan
505.596500 22.485473
-415.945000 nan
-347.534000 nan
-699.453000 nan
-511.442500 nan
-586.296500 nan
465.482000 21.575032
-348.108000 nan
-465.101500 nan
907.456000 30.124010
400.551500 20.013783
-802.030500 nan
54.212000 7.362880
831.176000 28.830123
315.637000 17.766176
-384.224500 nan
348.389000 18.665181
689.006000 26.248924
-327.817000 nan
861.606000 29.353126
193.092500 13.895773
-463.768500 nan
293.587000 17.134381
-275.193000 nan
-608.720500 nan
-872.593500 nan
178.151500 13.347341
71.670500 8.465843
525.783000 22.929959
585.860500 24.204555
-104.298500 nan
-425.461000 nan
194.346500 13.940821
61.500500 7.842225
-139.048500 nan
-198.547000 nan
-528.422000 nan
-123.235000 nan
-510.301000 nan
-967.063500 nan
-876.625500 nan
307.390500 17.532555
-758.812000 nan
-161.237500 nan
-761.507000 nan
-485.011500 nan
-68.466500 nan
-503.113500 nan
-921.795000 nan
189.893500 13.780185
-836.559000 nan
963.978000 31.047995
-502.324500 nan
-115.284000 nan
-501.120500 nan
532.100500 23.067304
-390.010500 nan
767.110000 27.696751
-342.091000 nan
331.236000 18.199890
380.126500 19.496833
685.265500 26.177576
847.046000 29.104055
-707.765500 nan
-552.172000 nan
432.802500 20.803906
-19.291500 nan
446.046000 21.119801
902.326500 30.038750
182.979000 13.526973
607.089500 24.639186
-794.687000 nan
839.366500 28.971823
-661.544500 nan
-672.684000 nan
-720.279500 nan
-905.541500 nan
-126.396000 nan
-56.250000 nan
683.204500 26.138181
140.727000 11.862841
-635.866000 nan
-100.950500 nan
540.145000 23.241020
206.178000 14.358900
121.223000 11.010132
504.304500 22.456725
17.122000 4.137874
255.806500 15.993952
881.274500 29.686268
-352.998500 nan
850.052500 29.155660
-539.577000 nan
-152.096500 nan
974.265000 31.213218
-668.599000 nan
972.450000 31.184131
5.373000 2.317973
-694.090500 nan
923.886000 30.395493
-825.770500 nan
823.639500 28.699120
809.512500 28.451933
384.024500 19.596543
-52.477000 nan
349.976000 18.707645
327.777500 18.104626
-115.211000 nan
-962.587000 nan
-895.436500 nan
710.278500 26.651051
-838.274000 nan
-945.115500 nan
279.168500 16.708336
893.493000 29.891353
-879.640000 nan
102.573000 10.127833
-726.548500 nan
460.202500 21.452331
413.819500 20.342554
-35.267500 nan
802.802500 28.333770
-852.810500 nan
97.546000 9.876538
-762.164000 nan
-426.121000 nan
719.620500 26.825743
-563.192000 nan
81.352500 9.019562
866.526000 29.436814
430.695500 20.753205
-515.810500 nan
607.683000 24.651227
124.478500 11.156993
754.549500 27.469064
-728.096500 nan
-932.323000 nan
-593.200000 nan
-9.048500 nan
838.941000 28.964478
-195.449000 nan
615.536000 24.809998
729.989000 27.018309
342.414000 18.504432
-817.589500 nan
-579.516500 nan
-131.210500 nan
17.598500 4.195057
856.505000 29.266107
-916.902500 nan
-827.962500 nan
-540.801000 nan
217.970500 14.763824
-93.336000 nan
-535.976000 nan
244.932500 15.650319
-124.416000 nan
-79.678500 nan
-726.093500 nan
-789.620500 nan
-299.640500 nan
-953.886000 nan
-725.231500 nan
402.483500 20.061991
693.211500 26.328910
64.617500 8.038501
-394.230500 nan
-703.220000 nan
-720.509500 nan
-234.949500 nan
637.806500 25.254831
-862.573000 nan
-167.109500 nan
16.908500 4.111995
-86.510000 nan
-904.266000 nan
-550.537000 nan
25.940000 5.093133
50.243500 7.088265
341.345500 18.475538
-529.435500 nan
