8.38 -1.722413
10.980000 64.203203
12.660000 0.093904
3.420000 0.285831
17.560000 -3.461432
-7.440000 -2.275969
-21.100000 1.237503
9.920000 0.540115
14.240000 -9.690197
10.220000 1.019843
-6.620000 -0.350157
14.140000 -352.974428
9.920000 0.540115
0.500000 0.546302
-5.620000 0.781222
-9.520000 -0.095511
-16.360000 -0.763423
-8.340000 1.892919
-23.360000 -4.884347
-12.440000 0.127048
-0.380000 -0.399413
4.540000 5.743258
21.300000 -0.827269
-12.100000 0.503408
1.800000 -4.286262
-1.400000 -5.797884
12.140000 -0.454236
11.220000 -4.380756
-9.100000 0.336701
-2.800000 0.355530
23.900000 -2.844545
14.780000 -1.335191
4.960000 -3.955716
-22.780000 -1.006930
-7.660000 -5.090304
-23.840000 3.503243
-21.620000 0.389185
-22.840000 -1.135699
-22.620000 -0.727357
-17.620000 2.815846
16.320000 0.701955
1.320000 3.903348
-17.640000 2.646765
-25.420000 -0.295430
-1.720000 6.652439
-4.120000 -1.485837
-12.760000 -0.196086
-20.560000 7.114264
12.380000 -0.188559
-16.140000 -0.461088
-15.040000 0.788944
2.000000 -2.185040
-11.700000 1.176634
7.980000 -7.893301
10.440000 1.610822
17.840000 -1.590637
-14.100000 -26.893241
13.400000 1.101433
16.660000 1.404419
7.900000 -21.715113
8.820000 -0.691174
-10.280000 -1.150393
-17.560000 3.461432
13.900000 4.137086
15.880000 0.173754
-12.440000 0.127048
10.660000 2.867259
-22.700000 -0.857534
5.860000 -0.450399
4.200000 1.777780
-19.880000 -1.666921
-24.740000 0.414263
-19.300000 -0.483603
13.380000 1.058119
0.900000 1.260158
10.120000 0.834153
-1.740000 5.853528
-2.960000 0.183615
6.880000 0.679471
5.760000 -0.576799
-1.680000 9.120771
10.040000 0.706720
-2.980000 0.163014
6.000000 -0.291006
-12.440000 0.127048
-21.240000 0.933744
7.140000 1.154100
20.320000 9.931426
6.540000 0.262614
5.220000 -1.797829
-13.740000 -2.384030
12.500000 -0.066468
-21.560000 0.460012
-16.100000 -0.413438
-24.280000 1.144646
-23.500000 -16.122725
-21.720000 0.277995
-0.520000 -0.572562
11.760000 -1.042850
12.900000 0.346585
15.620000 -0.088191
-25.200000 -0.067360
-25.140000 -0.007259
-7.360000 -1.856964
21.180000 -1.052874
-17.800000 1.741523
-3.420000 -0.285831
24.280000 -1.144646
19.920000 1.828956
-15.440000 0.274567
-3.660000 -0.570449
24.460000 -0.796726
-18.740000 0.109996
21.780000 -0.214343
-6.560000 -0.284109
9.540000 0.115735
22.840000 1.135699
19.880000 1.666921
-14.920000 1.005143
1.760000 -5.222091
0.220000 0.223619
25.000000 -0.133526
-4.140000 -1.551966
19.700000 1.139353
-24.380000 0.936730
24.800000 -0.345591
18.780000 -0.069668
3.320000 0.180325
-24.580000 0.616883
-4.720000 131.385904
6.960000 0.803407
8.060000 -4.785068
-16.700000 -1.530463
-21.220000 0.971899
3.100000 -0.041617
-4.600000 -8.860175
-10.900000 -10.431188
18.720000 -0.130286
-17.120000 -6.245823
21.820000 -0.172839
-18.980000 -0.131189
15.500000 -0.211014
3.500000 0.374586
-6.440000 -0.158113
-16.760000 -1.751571
23.340000 4.431397
-14.500000 2.634069
-9.160000 0.271144
-7.620000 -4.195560
-8.220000 2.608993
13.900000 4.137086
24.180000 -1.406515
-4.860000 6.725287
-2.360000 0.992418
-18.700000 0.150681
-19.080000 -0.234612
14.500000 -2.634069
13.080000 0.564133
-1.660000 11.180550
25.440000 0.317308
2.660000 -0.522637
-10.360000 -1.355588
22.380000 0.409713
14.240000 -9.690197
-14.880000 1.088971
8.600000 -1.082032
-4.420000 -3.322078
-0.440000 -0.470781
-12.980000 -0.438953
-17.800000 1.741523
-22.660000 -0.790386
-23.360000 -4.884347
-13.020000 -0.487539
-22.420000 -0.457232
-17.460000 5.456987
5.680000 -0.688823
-15.720000 -0.012037
23.340000 4.431397
-17.960000 1.233479
-17.340000 16.308670
-19.460000 -0.699580
-18.700000 0.150681
-7.960000 9.396962
-15.380000 0.340251
-5.860000 0.450399
-2.380000 0.953487
-18.400000 0.482507
13.160000 0.674825
10.480000 1.764602
-13.300000 -0.901475
-14.000000 -7.244607
5.780000 -0.550446
21.520000 -0.509412
7.080000 1.023098
-17.280000 806.187721
20.240000 5.484457
-15.680000 0.027971
-0.060000 -0.060072
-4.500000 -4.637332
15.460000 -0.253174
-1.720000 6.652439
17.520000 -4.064515
13.400000 1.101433
-19.820000 -1.460592
-1.460000 -8.988608
0.200000 0.202710
-16.200000 -0.536007
13.420000 1.146700
-15.760000 -0.052084
-13.380000 -1.058119
-24.080000 1.754441
-19.700000 -1.139353
17.100000 5.534391
-11.300000 3.182766
-0.360000 -0.376403
-22.920000 -1.337665
-10.260000 -1.104964
-7.260000 -1.480741
7.640000 4.601752
21.880000 -0.111609
-2.140000 1.562877
2.780000 -0.378222
-3.920000 -0.986115
-16.760000 -1.751571
-1.600000 34.232533
-18.960000 -0.110895
8.660000 -0.959587
-23.640000 12.785434
9.900000 0.514553
9.340000 -0.084982
-4.440000 -3.579972
-11.300000 3.182766
4.020000 1.205748
-22.800000 -1.048042
-8.000000 6.799711
-6.880000 -0.679471
1.500000 14.101420
17.060000 4.498074
-19.700000 -1.139353
-0.680000 -0.808661
-9.400000 0.024783
16.220000 0.562036
-13.660000 -1.934179
-2.180000 1.433211
-9.120000 0.314579
-4.120000 -1.485837
-16.820000 -2.024682
24.480000 -0.764539
-20.580000 6.210484
6.700000 0.442757
-23.980000 2.251026
17.500000 -4.445981
19.560000 0.860301
-2.840000 0.311082
-8.800000 0.721147
9.400000 -0.024783
16.220000 0.562036
20.620000 -4.942095
8.180000 -2.957861
8.820000 -0.691174
-6.080000 0.206028
-22.340000 -0.363727
-8.380000 1.722413
-24.300000 1.099470
-4.660000 -19.070517
23.500000 16.122725
9.100000 -0.336701
-3.780000 -0.742071
5.720000 -0.631396
19.000000 0.151589
6.640000 0.372771
17.440000 -6.148079
14.200000 -15.894239
-16.280000 -0.643846
-10.100000 -0.800789
4.540000 5.743258
-11.920000 0.754493
-21.140000 1.140973
25.040000 -0.093008
-2.220000 1.317612
-1.940000 2.584331
-12.260000 0.316330
-19.360000 -0.559942
-15.240000 0.505406
17.240000 25.787142
4.420000 3.322078
21.920000 -0.071269
9.920000 0.540115
24.020000 -2.028279
13.740000 2.384030
19.540000 0.826083
14.980000 -0.891256
10.580000 2.266162
25.100000 -0.032753
-23.780000 4.513080
7.380000 1.949374
-6.380000 -0.097118
18.580000 -0.276280
6.120000 -0.164649
4.340000 2.560072
-4.000000 -1.157821
-19.620000 -0.970530
4.580000 7.509317
22.660000 0.790386
-10.400000 -1.475668
-16.020000 -0.322575
-21.300000 0.827269
1.180000 2.427266
8.480000 -1.383061
-8.860000 0.633626
-14.820000 1.229471
16.920000 2.666757
1.400000 5.797884
-6.840000 -0.622521
-7.840000 -71.517738
-9.000000 0.452316
23.120000 2.113456
-13.440000 -1.194091
-13.720000 -2.256426
-16.500000 -1.013366
19.940000 1.919170
3.860000 0.874254
-0.260000 -0.266022
-14.440000 3.200582
10.500000 1.849900
2.080000 -1.791108
-7.580000 -3.558092
-5.020000 3.147669
-5.400000 1.217541
22.700000 0.857534
22.680000 0.823407
-12.980000 -0.438953
25.240000 0.107672
-9.800000 -0.393883
-21.400000 0.671220
-21.620000 0.389185
-1.680000 9.120771
-0.160000 -0.161379
0.600000 0.684137
6.920000 0.739604
-18.500000 0.364525
9.920000 0.540115
-25.300000 -0.168836
2.520000 -0.716316
-9.020000 0.428437
15.800000 0.092297
-4.640000 -13.790119
-11.800000 0.962651
9.760000 0.348370
-16.140000 -0.461088
2.900000 -0.246405
-2.720000 0.448484
11.540000 -1.651632
-7.660000 -5.090304
8.880000 -0.605943
2.880000 -0.267728
8.140000 -3.400415
24.760000 -0.391020
8.740000 -0.816595
-24.740000 0.414263
15.420000 -0.296196
11.600000 -1.447904
23.600000 -26.265002
25.160000 0.027266
-10.600000 -2.394716
6.920000 0.739604
7.880000 -38.425716
5.720000 -0.631396
-19.340000 -0.533959
-11.600000 1.447904
-1.440000 -7.601826
-15.000000 0.855993
-5.500000 0.995584
-3.520000 -0.397567
16.700000 1.530463
20.600000 -5.506437
13.880000 3.802422
-11.920000 0.754493
-18.500000 0.364525
24.240000 -1.241542
-13.500000 -1.351078
22.660000 0.790386
18.400000 -0.482507
-0.920000 -1.313264
22.600000 0.697211
-16.500000 -1.013366
-0.920000 -1.313264
16.420000 0.863076
-4.860000 6.725287
15.800000 0.092297
-15.660000 0.048000
-4.840000 7.793731
-12.340000 0.230318
7.940000 -11.596737
0.360000 0.376403
14.360000 -4.413140
0.440000 0.470781
-12.900000 -0.346585
-3.680000 -0.597267
23.980000 -2.251026
-18.820000 0.029565
5.380000 -1.268435
12.480000 -0.086586
-8.820000 0.691174
6.120000 -0.164649
-15.000000 0.855993
-9.180000 0.249787
-10.920000 -13.206813
-13.380000 -1.058119
-0.900000 -1.260158
2.780000 -0.378222
23.320000 4.052208
22.240000 0.254119
-12.880000 -0.324334
-4.360000 -2.719326
-13.700000 -2.139842
-5.240000 1.716113
18.200000 -0.759504
-1.740000 5.853528
-22.080000 -0.089086
-17.200000 -12.670602
-4.680000 -30.863901
23.220000 2.809568
0.080000 0.080171
16.900000 2.512720
4.320000 2.416333
-22.200000 -0.211942
-13.660000 -1.934179
6.640000 0.372771
23.160000 2.352456
18.320000 -0.585321
18.660000 -0.191859
-23.060000 -1.822056
13.400000 1.101433
9.020000 -0.428437
-7.500000 -2.706014
-19.020000 -0.172114
5.820000 -0.499422
5.500000 -0.995584
9.480000 0.055278
-4.500000 -4.637332
20.420000 2838.906144
-4.140000 -1.551966
-7.820000 -29.416333
8.200000 -2.773749
0.480000 0.520611
24.980000 -0.153940
-2.240000 1.264288
-11.860000 0.853238
2.960000 -0.183615
16.120000 0.437055
13.940000 5.005951
-18.900000 -0.050487
-22.620000 -0.727357
17.340000 -16.308670
-21.000000 1.527499
5.620000 -0.781222
4.160000 1.622331
12.840000 0.280669
13.560000 1.535799
-17.900000 1.397071
22.740000 0.929453
-22.140000 -0.149961
-7.800000 -18.506822
-10.040000 -0.706720
-20.260000 -6.182728
5.240000 -1.716113
-11.180000 5.360622
-4.260000 -2.057592
-0.700000 -0.842288
7.700000 6.442872
-5.840000 0.474678
-20.440000 50.889859
14.780000 -1.335191
0.460000 0.495449
13.480000 1.296050
-13.740000 -2.384030
-22.840000 -1.135699
-8.100000 3.982398
1.600000 -34.232533
7.900000 -21.715113
8.900000 -0.578924
17.040000 4.108423
24.580000 -0.616883
-7.740000 -8.735316
-5.400000 1.217541
0.220000 0.223619
-9.700000 -0.282388
-15.020000 0.821918
18.680000 -0.171200
11.440000 -2.099965
1.500000 14.101420
11.780000 -1.001947
-6.240000 0.043212
24.300000 -1.099470
4.020000 1.205748
25.080000 -0.052790
13.160000 0.674825
3.780000 0.742071
-12.460000 0.106774
