-6.4 6.400000
6.800000 6.800000
-11.940000 11.940000
17.380000 17.380000
14.320000 14.320000
4.600000 4.600000
24.240000 24.240000
8.820000 8.820000
21.140000 21.140000
22.160000 22.160000
-15.460000 15.460000
-4.580000 4.580000
10.800000 10.800000
19.660000 19.660000
20.960000 20.960000
-11.320000 11.320000
17.100000 17.100000
-13.240000 13.240000
15.000000 15.000000
20.160000 20.160000
22.560000 22.560000
-13.820000 13.820000
-18.500000 18.500000
9.280000 9.280000
-7.200000 7.200000
4.160000 4.160000
7.500000 7.500000
8.420000 8.420000
24.460000 24.460000
5.580000 5.580000
3.980000 3.980000
-13.300000 13.300000
0.940000 0.940000
-20.740000 20.740000
11.980000 11.980000
-5.700000 5.700000
13.400000 13.400000
-2.200000 2.200000
14.720000 14.720000
-4.040000 4.040000
-4.660000 4.660000
4.420000 4.420000
19.400000 19.400000
9.640000 9.640000
-24.460000 24.460000
18.380000 18.380000
4.260000 4.260000
-14.720000 14.720000
-20.620000 20.620000
13.740000 13.740000
-18.860000 18.860000
14.900000 14.900000
23.000000 23.000000
18.300000 18.300000
2.040000 2.040000
14.780000 14.780000
-17.120000 17.120000
5.980000 5.980000
-20.100000 20.100000
-10.260000 10.260000
12.480000 12.480000
-12.580000 12.580000
21.880000 21.880000
7.800000 7.800000
-16.880000 16.880000
-20.720000 20.720000
-17.000000 17.000000
12.740000 12.740000
10.180000 10.180000
-21.980000 21.980000
20.180000 20.180000
-2.200000 2.200000
-4.940000 4.940000
-9.160000 9.160000
16.680000 16.680000
-3.900000 3.900000
-11.920000 11.920000
4.240000 4.240000
-3.960000 3.960000
16.820000 16.820000
-6.180000 6.180000
8.300000 8.300000
24.580000 24.580000
8.560000 8.560000
-18.960000 18.960000
-11.440000 11.440000
4.660000 4.660000
-1.500000 1.500000
-7.720000 7.720000
-21.800000 21.800000
13.500000 13.500000
2.920000 2.920000
23.120000 23.120000
-16.460000 16.460000
-14.540000 14.540000
-2.720000 2.720000
3.060000 3.060000
-13.300000 13.300000
-14.960000 14.960000
23.320000 23.320000
22.320000 22.320000
18.020000 18.020000
23.020000 23.020000
-9.780000 9.780000
-11.580000 11.580000
-20.440000 20.440000
5.460000 5.460000
-12.020000 12.020000
-11.460000 11.460000
2.600000 2.600000
6.840000 6.840000
3.020000 3.020000
20.680000 20.680000
11.800000 11.800000
12.840000 12.840000
15.780000 15.780000
-8.080000 8.080000
0.820000 0.820000
-17.260000 17.260000
13.300000 13.300000
-1.680000 1.680000
5.460000 5.460000
-11.160000 11.160000
7.500000 7.500000
-4.640000 4.640000
-17.300000 17.300000
-2.900000 2.900000
18.520000 18.520000
-9.020000 9.020000
-4.500000 4.500000
-6.940000 6.940000
-23.060000 23.060000
-11.240000 11.240000
-0.600000 0.600000
24.260000 24.260000
13.920000 13.920000
-6.320000 6.320000
9.220000 9.220000
-12.260000 12.260000
-16.560000 16.560000
-15.440000 15.440000
-3.400000 3.400000
17.660000 17.660000
-21.120000 21.120000
2.660000 2.660000
18.720000 18.720000
-1.740000 1.740000
-16.840000 16.840000
12.420000 12.420000
-0.420000 0.420000
12.300000 12.300000
8.160000 8.160000
17.020000 17.020000
11.680000 11.680000
22.260000 22.260000
-4.640000 4.640000
-13.040000 13.040000
1.840000 1.840000
5.560000 5.560000
-14.660000 14.660000
-8.100000 8.100000
-20.980000 20.980000
13.020000 13.020000
18.040000 18.040000
-1.480000 1.480000
17.920000 17.920000
24.320000 24.320000
-19.320000 19.320000
-20.600000 20.600000
21.220000 21.220000
-13.740000 13.740000
13.540000 13.540000
-22.020000 22.020000
-5.520000 5.520000
-11.420000 11.420000
14.220000 14.220000
-19.640000 19.640000
-23.360000 23.360000
20.440000 20.440000
-2.040000 2.040000
-3.900000 3.900000
3.800000 3.800000
18.660000 18.660000
-5.900000 5.900000
23.460000 23.460000
-20.420000 20.420000
-0.460000 0.460000
25.000000 25.000000
-19.620000 19.620000
7.820000 7.820000
25.240000 25.240000
16.620000 16.620000
-22.240000 22.240000
17.480000 17.480000
-24.240000 24.240000
13.220000 13.220000
-21.420000 21.420000
-4.500000 4.500000
-14.080000 14.080000
-24.480000 24.480000
-11.500000 11.500000
25.380000 25.380000
-19.320000 19.320000
20.880000 20.880000
-1.800000 1.800000
10.480000 10.480000
-5.520000 5.520000
25.220000 25.220000
-15.320000 15.320000
-23.200000 23.200000
24.160000 24.160000
-24.280000 24.280000
21.060000 21.060000
-25.440000 25.440000
-24.100000 24.100000
4.700000 4.700000
20.140000 20.140000
-3.840000 3.840000
-9.880000 9.880000
17.080000 17.080000
5.620000 5.620000
9.780000 9.780000
-16.280000 16.280000
21.980000 21.980000
-20.460000 20.460000
-15.680000 15.680000
-4.360000 4.360000
10.560000 10.560000
9.280000 9.280000
-23.060000 23.060000
7.780000 7.780000
13.540000 13.540000
-20.880000 20.880000
-3.720000 3.720000
-5.000000 5.000000
3.020000 3.020000
14.400000 14.400000
-8.840000 8.840000
21.500000 21.500000
-21.580000 21.580000
0.920000 0.920000
8.600000 8.600000
4.820000 4.820000
17.600000 17.600000
-1.060000 1.060000
-21.040000 21.040000
23.280000 23.280000
-15.760000 15.760000
6.520000 6.520000
-19.120000 19.120000
-15.000000 15.000000
-20.800000 20.800000
-19.440000 19.440000
-24.920000 24.920000
16.880000 16.880000
-20.420000 20.420000
4.800000 4.800000
10.360000 10.360000
-7.720000 7.720000
23.040000 23.040000
-21.180000 21.180000
-6.040000 6.040000
17.480000 17.480000
2.420000 2.420000
-14.860000 14.860000
23.740000 23.740000
0.160000 0.160000
9.700000 9.700000
-24.720000 24.720000
11.380000 11.380000
-9.200000 9.200000
10.100000 10.100000
10.760000 10.760000
0.020000 0.020000
8.720000 8.720000
20.920000 20.920000
-15.540000 15.540000
-10.140000 10.140000
8.400000 8.400000
-1.100000 1.100000
9.500000 9.500000
0.380000 0.380000
-20.940000 20.940000
23.600000 23.600000
1.680000 1.680000
2.500000 2.500000
19.420000 19.420000
-9.760000 9.760000
10.920000 10.920000
-10.740000 10.740000
-9.640000 9.640000
22.720000 22.720000
-5.060000 5.060000
-3.720000 3.720000
9.140000 9.140000
18.180000 18.180000
-21.460000 21.460000
15.120000 15.120000
-1.980000 1.980000
-13.760000 13.760000
-17.320000 17.320000
-3.360000 3.360000
-12.000000 12.000000
-17.500000 17.500000
-22.540000 22.540000
-22.720000 22.720000
-11.300000 11.300000
22.260000 22.260000
-3.360000 3.360000
14.540000 14.540000
2.060000 2.060000
3.340000 3.340000
-11.500000 11.500000
12.780000 12.780000
-1.300000 1.300000
23.640000 23.640000
14.180000 14.180000
-14.760000 14.760000
-11.260000 11.260000
-21.200000 21.200000
-10.700000 10.700000
3.480000 3.480000
8.560000 8.560000
10.440000 10.440000
-21.240000 21.240000
-0.400000 0.400000
-8.120000 8.120000
9.000000 9.000000
14.900000 14.900000
18.980000 18.980000
2.280000 2.280000
-15.840000 15.840000
-4.800000 4.800000
14.500000 14.500000
18.760000 18.760000
-12.700000 12.700000
9.420000 9.420000
-4.800000 4.800000
-0.800000 0.800000
-8.180000 8.180000
-25.060000 25.060000
23.300000 23.300000
2.440000 2.440000
-15.200000 15.200000
10.640000 10.640000
17.980000 17.980000
-17.360000 17.360000
-2.140000 2.140000
15.860000 15.860000
-16.880000 16.880000
1.880000 1.880000
-15.720000 15.720000
20.520000 20.520000
-0.040000 0.040000
-20.000000 20.000000
18.400000 18.400000
-13.300000 13.300000
16.440000 16.440000
14.540000 14.540000
15.700000 15.700000
-14.220000 14.220000
-13.000000 13.000000
-1.480000 1.480000
20.860000 20.860000
3.840000 3.840000
13.120000 13.120000
-17.700000 17.700000
25.360000 25.360000
5.600000 5.600000
4.800000 4.800000
16.060000 16.060000
21.360000 21.360000
8.860000 8.860000
24.060000 24.060000
-7.020000 7.020000
-8.760000 8.760000
17.480000 17.480000
13.480000 13.480000
-24.640000 24.640000
-16.420000 16.420000
-3.280000 3.280000
14.280000 14.280000
-12.920000 12.920000
14.500000 14.500000
-1.240000 1.240000
-14.500000 14.500000
17.500000 17.500000
-21.000000 21.000000
-15.320000 15.320000
-2.560000 2.560000
24.540000 24.540000
2.200000 2.200000
23.900000 23.900000
-4.500000 4.500000
-0.980000 0.980000
0.160000 0.160000
-8.500000 8.500000
-4.780000 4.780000
-13.380000 13.380000
17.500000 17.500000
-5.500000 5.500000
23.840000 23.840000
-7.720000 7.720000
21.580000 21.580000
2.640000 2.640000
-8.100000 8.100000
-25.060000 25.060000
-4.360000 4.360000
-17.940000 17.940000
-5.920000 5.920000
18.040000 18.040000
-20.460000 20.460000
9.480000 9.480000
17.900000 17.900000
17.460000 17.460000
-20.220000 20.220000
-8.880000 8.880000
9.860000 9.860000
20.460000 20.460000
-1.240000 1.240000
12.260000 12.260000
-18.280000 18.280000
-16.880000 16.880000
20.280000 20.280000
-6.200000 6.200000
-18.200000 18.200000
12.360000 12.360000
5.680000 5.680000
22.460000 22.460000
-17.160000 17.160000
-3.260000 3.260000
-25.460000 25.460000
16.880000 16.880000
-16.960000 16.960000
-5.980000 5.980000
-15.580000 15.580000
19.220000 19.220000
2.180000 2.180000
20.920000 20.920000
-1.720000 1.720000
7.260000 7.260000
-10.780000 10.780000
10.780000 10.780000
-15.540000 15.540000
7.620000 7.620000
-11.100000 11.100000
15.900000 15.900000
-17.100000 17.100000
7.740000 7.740000
-1.700000 1.700000
-21.780000 21.780000
8.020000 8.020000
-19.160000 19.160000
12.100000 12.100000
24.660000 24.660000
4.320000 4.320000
1.500000 1.500000
14.700000 14.700000
-4.800000 4.800000
-14.660000 14.660000
-16.700000 16.700000
-6.220000 6.220000
-2.300000 2.300000
-25.120000 25.120000
-5.660000 5.660000
0.660000 0.660000
17.540000 17.540000
-7.240000 7.240000
-22.920000 22.920000
-7.160000 7.160000
1.720000 1.720000
6.020000 6.020000
-7.900000 7.900000
-12.400000 12.400000
7.220000 7.220000
24.000000 24.000000
3.940000 3.940000
-12.320000 12.320000
-5.480000 5.480000
1.880000 1.880000
-0.880000 0.880000
-15.020000 15.020000
9.480000 9.480000
-2.140000 2.140000
-11.440000 11.440000
-12.840000 12.840000
8.620000 8.620000
0.120000 0.120000
10.760000 10.760000
12.020000 12.020000
-0.940000 0.940000
-5.360000 5.360000
10.400000 10.400000
2.500000 2.500000
-19.320000 19.320000
-11.020000 11.020000
-13.720000 13.720000
-10.900000 10.900000
-17.640000 17.640000
-0.380000 0.380000
