19.6 162607978.060991
-14.420000 915158.743561
-8.600000 2715.829888
4.260000 35.412053
25.100000 39788860353.321724
20.860000 573261659.873253
-10.500000 18157.751351
10.840000 25510.689001
22.280000 2371652530.674083
18.120000 37015704.238570
-25.240000 45768083550.814964
-24.920000 33234449799.132626
-17.300000 16302887.860498
3.180000 12.044170
9.380000 5924.507419
10.220000 13723.333260
-0.620000 1.198436
25.460000 57030543916.249725
-15.200000 1996393.417606
20.080000 262786590.936710
13.700000 445455.582990
20.100000 268095232.214695
-0.960000 1.497295
-13.100000 244471.207309
12.540000 139644.169466
-0.500000 1.127626
-10.720000 22625.951432
-8.460000 2361.029105
-13.220000 275640.516542
-7.480000 886.120670
2.580000 6.636456
24.260000 17177269729.779081
-10.000000 11013.232920
-1.360000 2.076427
20.820000 550783748.677153
17.580000 21570836.955419
18.240000 41735089.987980
12.860000 192307.862898
-3.500000 16.572825
12.580000 145343.156133
-21.940000 1688071887.238652
9.760000 8663.315866
3.640000 19.059045
11.160000 35131.478104
-5.820000 168.487511
1.780000 3.049247
-10.980000 29344.277146
-20.520000 408030636.675415
-24.600000 24133163719.314072
-17.580000 21570836.955419
2.600000 6.769006
12.560000 142465.168816
-13.440000 343469.233670
17.140000 13892404.632536
-17.920000 30305895.406956
-24.340000 18607914156.234177
-23.500000 8033232360.311239
-5.020000 75.708954
-22.040000 1865607957.397228
-23.980000 12982301184.366598
-22.380000 2621081404.681503
13.240000 281208.824342
-9.440000 6290.858493
-12.560000 142465.168816
-3.940000 25.719025
-23.680000 9617525263.756615
13.960000 577724.747853
-2.200000 4.567908
21.060000 700183372.516668
-10.640000 20886.385621
-4.900000 67.148613
1.280000 1.937339
-8.640000 2826.665001
-17.520000 20314649.204342
-3.680000 19.835809
4.720000 56.088584
-12.260000 105540.792873
4.140000 31.409372
-13.960000 577724.747853
15.500000 2694849.238142
-9.140000 4660.382620
-8.160000 1749.093445
-18.440000 50975354.023382
14.480000 971748.999803
-14.160000 705634.600485
-1.800000 3.107473
12.380000 118996.911676
-7.980000 1460.965703
-5.940000 189.968781
20.000000 242582597.704895
3.040000 10.476539
1.500000 2.352410
16.460000 7038128.251661
7.280000 725.494357
6.840000 467.245102
-8.000000 1490.479161
-22.740000 3756873075.287131
-11.640000 56775.082468
19.220000 111201321.025961
10.000000 11013.232920
21.600000 1201519472.026343
19.220000 111201321.025961
2.300000 5.037221
14.080000 651382.834283
-9.020000 4133.388601
-9.340000 5692.204164
19.020000 91043941.306851
0.660000 1.225822
13.320000 304629.882726
1.440000 2.228812
-14.980000 1602143.245757
-21.000000 659407867.241607
24.000000 13244561064.921736
9.360000 5807.194314
18.520000 55220941.783683
9.140000 4660.382620
-3.200000 12.286646
-13.900000 544080.677702
-18.600000 59820132.099095
19.180000 106841054.861530
-17.440000 18752784.751638
20.580000 433261842.132127
-19.540000 153138426.615686
4.440000 42.393369
-14.280000 795600.790412
16.440000 6898763.974841
-10.280000 14571.936794
-5.800000 165.151294
-13.380000 323467.142648
-15.280000 2162667.171284
-16.960000 11603911.754429
-1.720000 2.881797
25.160000 42249266068.546661
-22.100000 1980970710.690220
6.320000 277.787396
24.520000 22277717919.323677
-18.120000 37015704.238570
4.780000 59.556373
16.180000 5319302.902886
-3.360000 14.411963
14.980000 1602143.245757
20.400000 361890710.474139
9.720000 8323.622395
-12.000000 81377.395713
-6.720000 414.409359
-22.160000 2103467098.246807
-24.880000 31931308383.044590
-12.980000 216826.509951
-25.480000 58182637325.812691
21.080000 714328014.905958
16.340000 6242259.782635
16.160000 5213973.648325
-2.840000 8.587096
25.260000 46692660168.998093
18.460000 52005124.482993
-0.720000 1.270593
16.000000 4443055.260254
-21.300000 890107517.380992
-23.440000 7565413326.982417
10.860000 26026.039103
-23.900000 11984174437.003366
-6.520000 339.289930
-4.580000 48.762325
-16.080000 4813104.304398
21.660000 1275817286.783455
19.480000 144220338.915548
0.780000 1.319939
-18.760000 70199575.322455
-8.000000 1490.479161
22.600000 3266068547.348915
1.180000 1.780826
3.520000 16.907014
10.320000 15166.628815
15.340000 2296399.040483
5.160000 87.085099
-5.100000 82.014002
-5.520000 124.819522
-20.720000 498369745.049202
22.360000 2569180515.497817
20.420000 369201387.768952
11.500000 49357.885510
-9.960000 10581.397882
-16.200000 5426759.949532
10.460000 17445.775738
21.680000 1301590505.605780
-2.480000 6.012504
19.340000 125379139.348238
-13.600000 403064.879563
-6.600000 367.548275
-4.320000 37.600964
-0.840000 1.374039
6.480000 325.986240
-18.400000 48976581.802717
-18.920000 82379964.779909
-4.640000 51.777003
-14.500000 991379.631769
20.920000 608710181.186677
4.780000 59.556373
22.580000 3201396057.040318
-23.040000 5071248209.621482
-22.920000 4497793676.778600
-18.260000 42578194.731875
4.360000 39.134956
-8.380000 2179.504578
2.600000 6.769006
19.960000 233070797.997000
2.440000 5.780101
-4.560000 47.796971
25.020000 36729747396.246346
-13.280000 292685.174173
2.740000 7.775778
-7.020000 559.393756
-21.820000 1497185455.439660
6.240000 256.430230
8.600000 2715.829888
1.460000 2.269098
-2.440000 5.780101
-11.280000 39610.630952
-2.420000 5.667390
-23.160000 5717816389.925773
-0.260000 1.033991
25.320000 49579973022.864937
21.480000 1065652174.853772
20.660000 469346950.498763
-12.960000 212533.057392
-12.960000 212533.057392
-19.460000 141364584.868870
18.720000 67447010.602792
-1.180000 1.780826
5.700000 149.435373
7.780000 1196.137619
-2.620000 6.904263
20.480000 392031526.568338
-0.500000 1.127626
-23.180000 5833323943.029218
3.020000 10.270046
17.200000 14751462.958223
-6.460000 319.531311
-9.120000 4568.100863
12.000000 81377.395713
-2.420000 5.667390
4.040000 28.421970
18.800000 73064474.339341
16.740000 9312357.312827
-4.120000 30.787743
-3.960000 26.238195
20.900000 596656912.027494
20.860000 573261659.873253
22.480000 2896742942.362869
-24.640000 25118056814.410912
-18.420000 49965974.385062
15.680000 3226320.298899
2.700000 7.473469
-13.640000 419514.269347
-12.400000 121400.808751
23.500000 8033232360.311239
-1.700000 2.828315
-18.520000 55220941.783683
3.080000 10.902181
12.840000 188499.912079
-24.380000 19367317539.055576
25.400000 53709343591.342819
-24.880000 31931308383.044590
-19.620000 165892877.116864
8.220000 1857.251326
-15.680000 3226320.298899
20.260000 314612669.465018
3.680000 19.835809
15.160000 1918113.712029
2.660000 7.183119
-12.120000 91752.757455
13.340000 310783.814569
-22.580000 3201396057.040318
-15.300000 2206355.946175
-2.980000 9.869305
-16.360000 6368361.795039
-11.100000 33085.580092
3.260000 13.043963
5.860000 175.363498
9.560000 7092.923135
24.440000 20564925571.518192
5.880000 178.906018
-6.040000 209.947708
-20.880000 584842313.588655
-25.220000 44861814776.301575
-24.440000 20564925571.518192
20.540000 416273402.308229
-20.260000 314612669.465018
8.260000 1933.047180
5.980000 197.721448
23.340000 6845469061.161599
-3.400000 14.998737
-6.420000 307.002371
-17.640000 22904703.018835
19.520000 150106082.600980
14.460000 952507.080394
11.300000 40410.818776
-12.020000 83021.328154
-8.620000 2770.693287
23.580000 8702296727.553133
-17.320000 16632228.041586
1.300000 1.970914
-9.500000 6679.863452
-4.040000 28.421970
11.660000 57922.015214
6.740000 422.780959
5.880000 178.906018
-1.600000 2.577464
-21.840000 1527430607.908109
22.260000 2324690664.111345
-14.140000 691662.099234
-10.240000 14000.562981
-3.800000 22.361778
22.680000 3538089819.483012
3.200000 12.286646
3.520000 16.907014
-16.940000 11374138.906860
14.660000 1163394.775161
1.580000 2.530465
17.920000 30305895.406956
-18.620000 61028578.928075
-22.680000 3538089819.483012
-0.320000 1.051638
-15.280000 2162667.171284
-12.120000 91752.757455
2.760000 7.931567
-8.300000 2011.936321
6.740000 422.780959
-20.260000 314612669.465018
-23.140000 5604596039.616866
1.800000 3.107473
-24.700000 26671270703.744186
-16.460000 7038128.251661
15.360000 2342789.378337
2.180000 4.479674
22.240000 2278658704.810534
-1.840000 3.227678
-0.140000 1.009816
-17.840000 27975867.442045
-3.140000 11.573575
19.680000 176151119.734244
1.100000 1.668519
-11.440000 46483.506027
-11.420000 45563.070939
-12.640000 154330.674972
11.300000 40410.818776
21.520000 1109142265.129356
18.880000 79149800.158277
3.280000 13.306700
-6.320000 277.787396
11.820000 67972.114522
20.020000 247483091.245705
19.020000 91043941.306851
14.620000 1117777.413539
8.420000 2268.451838
-10.500000 18157.751351
15.180000 1956862.179335
-7.980000 1460.965703
-9.380000 5924.507419
7.380000 801.795196
18.680000 64802375.489558
14.980000 1602143.245757
-5.600000 135.215053
20.720000 498369745.049202
-5.580000 132.537689
-3.860000 23.743210
-13.100000 244471.207309
13.240000 281208.824342
21.420000 1003593423.414204
-5.900000 182.520104
-0.920000 1.453905
-10.580000 19670.057214
15.880000 3940636.511783
-25.320000 49579973022.864937
4.360000 39.134956
-22.040000 1865607957.397228
-7.340000 770.356381
-12.700000 163873.950938
-6.100000 222.930006
-8.880000 3593.395437
-25.320000 49579973022.864937
-6.740000 422.780959
-21.160000 773822300.625551
-11.360000 42909.684252
14.780000 1311723.946138
-21.640000 1250554411.886967
-11.700000 60285.857497
20.400000 361890710.474139
-21.000000 659407867.241607
12.620000 151274.722858
22.580000 3201396057.040318
11.580000 53468.759060
-6.780000 440.034930
2.740000 7.775778
0.920000 1.453905
16.040000 4624379.785205
1.180000 1.780826
-11.360000 42909.684252
12.060000 86409.492830
-18.260000 42578194.731875
-2.520000 6.254528
10.260000 14283.393114
-16.840000 10291746.480866
8.880000 3593.395437
1.620000 2.625495
-11.960000 78186.542387
-21.080000 714328014.905958
-17.600000 22006596.767417
-8.400000 2223.533486
17.860000 28541017.452785
-25.200000 43973491325.864212
8.800000 3317.122079
-4.200000 33.350663
17.000000 12077476.376788
-5.420000 112.941775
-1.660000 2.724725
21.700000 1327884377.985118
-22.960000 4681352118.885559
18.260000 42578194.731875
1.560000 2.484479
-7.300000 740.150302
-14.720000 1235335.090326
18.200000 40098633.702524
-24.740000 27759745909.858727
-3.060000 10.687222
-2.020000 3.835490
12.260000 105540.792873
-9.500000 6679.863452
10.320000 15166.628815
3.920000 25.210143
-19.880000 215151463.496408
-5.660000 143.576063
12.700000 163873.950938
-16.660000 8596389.258864
-21.200000 805402587.801414
-10.160000 12924.148549
-18.100000 36282744.186161
15.860000 3862606.680834
25.360000 51603370106.365730
9.500000 6679.863452
-16.040000 4624379.785205
-11.360000 42909.684252
22.860000 4235862564.169571
9.800000 9016.872492
9.600000 7382.390817
-2.380000 5.448727
-1.620000 2.625495
17.940000 30918115.104887
-6.300000 272.286873
16.560000 7778334.661423
-4.260000 35.412053
-24.280000 17524273596.321640
-9.080000 4388.983070
-22.900000 4408731394.785883
-1.500000 2.352410
20.660000 469346950.498763
17.660000 23367408.712730
-14.080000 651382.834283
-17.060000 12824305.806911
-17.360000 17311002.144507
-23.400000 7268769227.386929
10.960000 28763.221528
21.680000 1301590505.605780
-6.740000 422.780959
-5.500000 122.348010
-2.660000 7.183119
-11.500000 49357.885510
-19.320000 122896466.049486
-11.380000 43776.517374
-22.180000 2145959952.333583
1.080000 1.642138
15.900000 4020242.649879
20.940000 621006942.534577
-11.900000 73633.312624
3.680000 19.835809
17.820000 27421908.151298
-2.880000 8.935204
-2.780000 8.090530
14.320000 828069.874617
10.340000 15473.015040
-11.860000 70746.109139
11.340000 42060.015576
1.480000 2.310292
-11.160000 35131.478104
-2.420000 5.667390
15.220000 2036723.239862
-25.400000 53709343591.342819
22.460000 2839383589.014792
-21.800000 1467539197.116126
2.240000 4.749895
10.020000 11235.714982
-8.120000 1680.510521
22.880000 4321432664.134965
-21.020000 672728789.784073
3.940000 25.719025
19.060000 94759515.037110
12.400000 121400.808751
6.720000 414.409359
-13.820000 502249.767340
-22.540000 3075867522.148229
