-872.966 -873.000000
544.414000 544.000000
-74.963500 -75.000000
-697.262500 -698.000000
-545.027000 -546.000000
212.108000 212.000000
915.030000 915.000000
-585.524500 -586.000000
-425.696000 -426.000000
-7.608500 -8.000000
-144.941500 -145.000000
592.430000 592.000000
-637.757000 -638.000000
-741.391500 -742.000000
278.185000 278.000000
319.784500 319.000000
-822.776500 -823.000000
-213.666500 -214.000000
-217.147000 -218.000000
-435.471500 -436.000000
101.452000 101.000000
-879.782000 -880.000000
-638.422000 -639.000000
-275.167000 -276.000000
670.629500 670.000000
483.414500 483.000000
-465.716500 -466.000000
181.922500 181.000000
-251.678000 -252.000000
-363.577000 -364.000000
-998.929000 -999.000000
366.186000 366.000000
187.685500 187.000000
757.630000 757.000000
385.181000 385.000000
-793.676500 -794.000000
290.080500 290.000000
6.438000 6.000000
-425.140000 -426.000000
-909.483000 -910.000000
963.848000 963.000000
-485.942500 -486.000000
-523.684000 -524.000000
278.270500 278.000000
-742.098500 -743.000000
-764.455000 -765.000000
-190.161500 -191.000000
-287.522000 -288.000000
-792.321000 -793.000000
30.039000 30.000000
-291.065000 -292.000000
968.084000 968.000000
528.139000 528.000000
367.937500 367.000000
110.498500 110.000000
952.464500 952.000000
843.502500 843.000000
83.366000 83.000000
-399.324000 -400.000000
519.781500 519.000000
841.199000 841.000000
830.749500 830.000000
-503.711500 -504.000000
61.685500 61.000000
934.359500 934.000000
449.914500 449.000000
181.129500 181.000000
821.542500 821.000000
40.114500 40.000000
286.184000 286.000000
-498.657500 -499.000000
613.032500 613.000000
-217.040500 -218.000000
304.520500 304.000000
300.844000 300.000000
-669.919500 -670.000000
946.662000 946.000000
249.860500 249.000000
964.457000 964.000000
-465.051500 -466.000000
816.677500 816.000000
-604.248500 -605.000000
-251.990000 -252.000000
-819.805500 -820.000000
270.401500 270.000000
-476.978000 -477.000000
-486.151000 -487.000000
595.649000 595.000000
-346.985000 -347.000000
90.126500 90.000000
-726.824500 -727.000000
-703.818000 -704.000000
-277.416000 -278.000000
-230.765000 -231.000000
725.176000 725.000000
206.627000 206.000000
283.689000 283.000000
188.220500 188.000000
-651.936000 -652.000000
-951.581000 -952.000000
562.983000 562.000000
-565.067500 -566.000000
775.251000 775.000000
756.163000 756.000000
261.489500 261.000000
-23.909500 -24.000000
-691.916500 -692.000000
4.145500 4.000000
-742.590500 -743.000000
-317.465500 -318.000000
128.002000 128.000000
886.975500 886.000000
-514.275500 -515.000000
631.145000 631.000000
-544.345500 -545.000000
157.105000 157.000000
27.519500 27.000000
666.093500 666.000000
-810.361000 -811.000000
-214.143000 -215.000000
163.802000 163.000000
894.037500 894.000000
-58.871500 -59.000000
-977.245500 -978.000000
-452.134000 -453.000000
920.080000 920.000000
-3.821500 -4.000000
-930.124000 -931.000000
356.172000 356.000000
-580.784000 -581.000000
-311.680500 -312.000000
-853.236500 -854.000000
-184.123000 -185.000000
471.572500 471.000000
501.908500 501.000000
568.929500 568.000000
-796.525500 -797.000000
380.280000 380.000000
197.777000 197.000000
-362.115000 -363.000000
80.867500 80.000000
-562.647000 -563.000000
-921.309000 -922.000000
240.994500 240.000000
-63.455500 -64.000000
648.638000 648.000000
-613.247500 -614.000000
-167.713000 -168.000000
-691.609000 -692.000000
43.799000 43.000000
-20.066500 -21.000000
856.843000 856.000000
-223.741500 -224.000000
349.696500 349.000000
-102.098000 -103.000000
-623.102000 -624.000000
-865.110500 -866.000000
-66.107000 -67.000000
654.151000 654.000000
988.293000 988.000000
-341.122500 -342.000000
149.401000 149.000000
-838.469000 -839.000000
-583.676000 -584.000000
-574.058000 -575.000000
670.851500 670.000000
562.319000 562.000000
-219.261000 -220.000000
-209.078500 -210.000000
-798.567500 -799.000000
485.274000 485.000000
194.900000 194.000000
684.704500 684.000000
-330.258500 -331.000000
678.927000 678.000000
-110.560000 -111.000000
-277.933500 -278.000000
-445.362000 -446.000000
824.153000 824.000000
662.809500 662.000000
-414.797000 -415.000000
889.639500 889.000000
133.469500 133.000000
375.355500 375.000000
-155.503500 -156.000000
825.990000 825.000000
842.524000 842.000000
-775.953500 -776.000000
-945.052000 -946.000000
175.611000 175.000000
-839.616500 -840.000000
477.630500 477.000000
-746.837500 -747.000000
-695.585500 -696.000000
433.590000 433.000000
-170.134500 -171.000000
628.101000 628.000000
424.006500 424.000000
-662.664500 -663.000000
931.990500 931.000000
863.320500 863.000000
26.387500 26.000000
954.817000 954.000000
-77.094500 -78.000000
-986.693000 -987.000000
-816.932500 -817.000000
-194.758000 -195.000000
-536.372500 -537.000000
895.984000 895.000000
-256.983500 -257.000000
667.583500 667.000000
-21.367500 -22.000000
436.082000 436.000000
855.896500 855.000000
-723.706000 -724.000000
400.773000 400.000000
71.394500 71.000000
-179.144500 -180.000000
-120.946500 -121.000000
-71.277000 -72.000000
167.253000 167.000000
856.118000 856.000000
-618.624000 -619.000000
854.584000 854.000000
513.925500 513.000000
562.682000 562.000000
28.344000 28.000000
691.409500 691.000000
-119.012500 -120.000000
-790.382500 -791.000000
544.485500 544.000000
696.003500 696.000000
857.588500 857.000000
-458.202000 -459.000000
-717.306500 -718.000000
762.759000 762.000000
493.192000 493.000000
618.960500 618.000000
-551.609000 -552.000000
-211.500500 -212.000000
-824.494500 -825.000000
-835.423000 -836.000000
-901.479000 -902.000000
-881.537000 -882.000000
308.557000 308.000000
-408.360000 -409.000000
619.160500 619.000000
-123.453500 -124.000000
663.394000 663.000000
499.643000 499.000000
886.963500 886.000000
-591.403000 -592.000000
866.079000 866.000000
-5.240000 -6.000000
842.398000 842.000000
447.313500 447.000000
415.163500 415.000000
169.998500 169.000000
923.600000 923.000000
952.395000 952.000000
-53.037500 -54.000000
445.722000 445.000000
-759.935000 -760.000000
-686.719500 -687.000000
-112.520000 -113.000000
-44.030500 -45.000000
140.365000 140.000000
76.468000 76.000000
-582.794000 -583.000000
413.873000 413.000000
876.191000 876.000000
-501.097000 -502.000000
-678.328000 -679.000000
-159.665000 -160.000000
399.078000 399.000000
-351.617500 -352.000000
176.623500 176.000000
-6.904000 -7.000000
-870.373000 -871.000000
-383.341500 -384.000000
-782.214000 -783.000000
-758.641000 -759.000000
-127.110000 -128.000000
-455.301000 -456.000000
-797.964000 -798.000000
-737.108500 -738.000000
36.954000 36.000000
225.355500 225.000000
-717.203000 -718.000000
-688.951500 -689.000000
434.532500 434.000000
-979.075000 -980.000000
922.399000 922.000000
-419.644000 -420.000000
-823.805500 -824.000000
98.545000 98.000000
-316.269500 -317.000000
115.428500 115.000000
479.500000 479.000000
-150.493000 -151.000000
812.407500 812.000000
525.939000 525.000000
-733.525500 -734.000000
595.810000 595.000000
-362.280500 -363.000000
854.006500 854.000000
12.808000 12.000000
-368.664500 -369.000000
484.966500 484.000000
368.035000 368.000000
-424.477500 -425.000000
-334.733500 -335.000000
973.142000 973.000000
854.293000 854.000000
760.274000 760.000000
-224.926000 -225.000000
638.447500 638.000000
-478.394000 -479.000000
-743.345000 -744.000000
844.139000 844.000000
-881.746000 -882.000000
-348.543500 -349.000000
17.398000 17.000000
-56.569500 -57.000000
756.497000 756.000000
763.169500 763.000000
649.379000 649.000000
-407.803000 -408.000000
-540.690500 -541.000000
530.817500 530.000000
-570.004500 -571.000000
-148.526000 -149.000000
498.604500 498.000000
547.743000 547.000000
801.946500 801.000000
844.833000 844.000000
-715.049500 -716.000000
94.302000 94.000000
-848.591500 -849.000000
321.039000 321.000000
-156.361500 -157.000000
-679.484000 -680.000000
-75.469500 -76.000000
-273.133000 -274.000000
635.078000 635.000000
-684.011500 -685.000000
-649.811000 -650.000000
-988.068000 -989.000000
-301.879000 -302.000000
273.810500 273.000000
-318.114500 -319.000000
505.413000 505.000000
-18.204000 -19.000000
568.895500 568.000000
-831.989500 -832.000000
441.875500 441.000000
549.978500 549.000000
577.985500 577.000000
299.166000 299.000000
158.438500 158.000000
-531.259500 -532.000000
-171.006000 -172.000000
-991.612500 -992.000000
-474.835500 -475.000000
843.210000 843.000000
-610.427000 -611.000000
36.289000 36.000000
455.053000 455.000000
144.499000 144.000000
-13.648500 -14.000000
476.909000 476.000000
704.074000 704.000000
-432.899500 -433.000000
-95.063000 -96.000000
-548.816000 -549.000000
-526.710000 -527.000000
134.288000 134.000000
-164.884500 -165.000000
605.836000 605.000000
376.587500 376.000000
-67.476500 -68.000000
-521.612000 -522.000000
-300.209000 -301.000000
-839.053500 -840.000000
-974.974000 -975.000000
840.100000 840.000000
428.914500 428.000000
-438.582000 -439.000000
439.660000 439.000000
653.390500 653.000000
920.677000 920.000000
-196.006500 -197.000000
596.232000 596.000000
-779.955000 -780.000000
919.209000 919.000000
-190.120000 -191.000000
-362.511500 -363.000000
313.564500 313.000000
-959.081500 -960.000000
824.182000 824.000000
-616.482500 -617.000000
-317.741000 -318.000000
-65.367500 -66.000000
-417.859000 -418.000000
-185.083500 -186.000000
-480.311500 -481.000000
215.396500 215.000000
-285.624000 -286.000000
344.048000 344.000000
-829.186000 -830.000000
-548.753500 -549.000000
-224.741500 -225.000000
-650.727000 -651.000000
923.598000 923.000000
546.254000 546.000000
-183.512000 -184.000000
-370.855500 -371.000000
918.242500 918.000000
-22.564500 -23.000000
-55.559000 -56.000000
427.587000 427.000000
928.411000 928.000000
-114.497000 -115.000000
983.159500 983.000000
-391.697500 -392.000000
-354.063500 -355.000000
-699.239000 -700.000000
961.972500 961.000000
-323.035000 -324.000000
-691.993500 -692.000000
18.741000 18.000000
801.436000 801.000000
32.568000 32.000000
9.527000 9.000000
-866.047000 -867.000000
852.161500 852.000000
-748.274500 -749.000000
21.441000 21.000000
-636.840000 -637.000000
-251.838000 -252.000000
461.367000 461.000000
345.996000 345.000000
897.560500 897.000000
444.365000 444.000000
738.319000 738.000000
76.397500 76.000000
-328.467000 -329.000000
390.701000 390.000000
-863.833500 -864.000000
-676.499500 -677.000000
-877.675000 -878.000000
-63.704500 -64.000000
227.930500 227.000000
-788.272000 -789.000000
-476.714000 -477.000000
974.588000 974.000000
67.214000 67.000000
-13.666500 -14.000000
-127.036500 -128.000000
-482.860000 -483.000000
-860.208500 -861.000000
38.508500 38.000000
588.606000 588.000000
945.512000 945.000000
8.689000 8.000000
-956.378000 -957.000000
-272.497500 -273.000000
285.439000 285.000000
-982.867500 -983.000000
-160.878500 -161.000000
454.661000 454.000000
-654.332500 -655.000000
-286.756500 -287.000000
731.062000 731.000000
129.814500 129.000000
-936.817500 -937.000000
-370.577000 -371.000000
87.935000 87.000000
191.779000 191.000000
-106.987500 -107.000000
-489.485500 -490.000000
154.412500 154.000000
-989.962000 -990.000000
-560.117500 -561.000000
-390.075000 -391.000000
277.274500 277.000000
-894.073500 -895.000000
877.622000 877.000000
-727.122000 -728.000000
-862.719500 -863.000000
-807.182000 -808.000000
401.246000 401.000000
-659.043500 -660.000000
-539.190000 -540.000000
30.440000 30.000000
-876.520500 -877.000000
-285.643500 -286.000000
-170.397500 -171.000000
-158.553000 -159.000000
384.516000 384.000000
