7.74,-12.4 0.000000
11.340000,-5.280000 0.000003
-25.500000,-16.520000 -nan
-10.800000,-5.560000 -nan
20.460000,20.360000 489822368639803127578492928.000000
11.560000,20.660000 9135006320699542339584.000000
-24.860000,0.580000 -nan
-21.940000,-4.780000 -nan
-10.840000,17.500000 -nan
23.720000,-13.520000 0.000000
-13.620000,-3.000000 -0.000396
4.320000,21.460000 43399148299817.132812
-11.680000,-10.500000 -nan
-7.320000,7.360000 -nan
-9.360000,21.880000 -nan
-16.180000,-21.040000 -nan
-1.580000,-3.080000 -nan
6.640000,20.360000 54870901556682704.000000
1.320000,17.580000 131.731522
5.740000,0.860000 4.494322
-22.680000,17.400000 -nan
-1.040000,12.300000 -nan
-21.340000,-17.240000 -nan
-0.740000,10.940000 -nan
8.160000,-8.220000 0.000000
-11.280000,7.300000 -nan
-23.520000,-7.360000 -nan
-14.600000,25.260000 -nan
10.340000,-19.340000 0.000000
13.860000,-2.140000 0.003603
0.600000,5.980000 0.047135
18.340000,20.500000 79375466798650111446482944.000000
23.760000,-11.260000 0.000000
23.900000,-23.000000 0.000000
18.400000,-18.940000 0.000000
13.600000,15.460000 334588895589218176.000000
-4.100000,6.200000 -nan
12.560000,-23.240000 0.000000
-17.360000,-13.480000 -nan
-2.360000,-24.080000 -nan
20.300000,-17.140000 0.000000
10.200000,17.520000 468462691502171456.000000
3.960000,3.860000 202.816563
3.360000,14.980000 76658863.311618
-12.100000,-17.000000 -0.000000
-1.800000,13.620000 -nan
17.000000,6.800000 232837359.426468
-18.840000,-15.480000 -nan
21.860000,18.600000 8269760489609004247416832.000000
-22.780000,-17.860000 -nan
7.700000,-0.800000 0.195347
2.760000,-16.680000 0.000000
9.320000,15.120000 454536323437071.000000
0.060000,12.340000 0.000000
2.360000,-18.820000 0.000000
-0.180000,10.440000 -nan
-16.460000,0.720000 -nan
13.160000,17.900000 108312958400126599168.000000
-6.680000,4.420000 -nan
-20.740000,-15.260000 -nan
-22.500000,-7.940000 -nan
-23.420000,19.080000 -nan
-4.020000,-12.560000 -nan
14.920000,-8.040000 0.000000
-1.640000,10.200000 -nan
-25.480000,3.860000 -nan
17.660000,12.920000 12915756068981248.000000
-4.540000,7.940000 -nan
-3.500000,-0.540000 -nan
2.840000,2.500000 13.592391
15.760000,-5.400000 0.000000
-16.280000,-23.380000 -nan
3.240000,-8.940000 0.000027
-11.600000,-4.900000 -nan
1.640000,-25.080000 0.000004
3.640000,-7.000000 0.000118
5.820000,-2.820000 0.006965
-17.040000,-18.040000 -nan
11.520000,-23.100000 0.000000
11.600000,0.780000 6.765147
-9.180000,-7.920000 -nan
-13.760000,7.740000 -nan
-6.360000,-17.060000 -nan
-10.980000,-4.100000 -nan
17.380000,3.500000 21886.393458
-9.320000,-1.960000 -nan
-15.000000,-4.080000 -nan
-20.540000,9.920000 -nan
-12.480000,25.480000 -nan
-11.840000,10.620000 -nan
14.860000,-22.920000 0.000000
18.980000,-2.320000 0.001082
17.000000,9.140000 176320635063.970398
9.120000,8.860000 320298030.040849
4.580000,14.200000 2422645043.441531
0.960000,-20.220000 2.282841
24.580000,12.240000 104887127916542080.000000
-13.560000,18.020000 -nan
-11.120000,4.140000 -nan
17.520000,16.660000 521528608310549151744.000000
1.500000,15.680000 576.913819
4.980000,1.680000 14.836973
2.800000,19.080000 340232062.601931
-12.520000,18.220000 -nan
3.080000,-2.720000 0.046897
1.280000,13.780000 30.016039
-17.160000,22.000000 1443378517778842985923870720.000000
17.740000,9.360000 490011013147.737061
-14.020000,-23.680000 -nan
-3.460000,24.980000 -nan
16.860000,-22.920000 0.000000
-8.600000,-11.140000 -nan
24.240000,7.480000 22714540926.006210
24.900000,-13.360000 0.000000
-13.340000,7.580000 -nan
-4.680000,23.120000 -nan
-11.040000,20.700000 -nan
-25.100000,8.820000 -nan
12.720000,20.060000 14322256684829565255680.000000
5.180000,22.060000 5729470662467414.000000
19.540000,-24.620000 0.000000
-3.240000,-24.340000 -nan
20.660000,-12.180000 0.000000
24.200000,-3.760000 0.000006
7.340000,22.140000 14672724614304190464.000000
-14.420000,-2.040000 -nan
-10.160000,-24.580000 -nan
-0.080000,22.880000 -nan
-1.520000,-12.100000 -nan
-13.720000,2.620000 -nan
22.320000,22.400000 1624612767517696642751821512704.000000
25.360000,6.140000 418288948.300840
9.040000,13.400000 6496163819667.003906
-20.300000,-8.080000 -nan
-22.660000,-8.960000 -nan
12.760000,21.700000 993023746757876925857792.000000
11.180000,5.440000 505269.881559
-3.340000,2.860000 -nan
-2.020000,12.460000 -nan
15.840000,3.980000 59569.726407
-7.180000,17.960000 -nan
-23.820000,18.560000 -nan
-24.820000,5.260000 -nan
-3.500000,22.640000 -nan
8.540000,3.600000 2255.528580
9.620000,23.140000 56321105004467851362304.000000
-20.820000,4.420000 -nan
0.140000,18.840000 0.000000
-1.760000,15.980000 -nan
19.660000,2.400000 1272.331948
-7.880000,6.760000 -nan
6.580000,-4.700000 0.000143
-19.040000,-5.200000 -nan
-22.160000,21.660000 -nan
0.500000,2.500000 0.176777
7.420000,18.080000 5456354860775600.000000
-18.840000,-23.480000 -nan
-10.440000,-4.860000 -nan
9.540000,20.320000 80245922492612116480.000000
-18.700000,5.240000 -nan
-12.500000,1.320000 -nan
-8.060000,-2.160000 -nan
-3.500000,17.080000 -nan
-4.820000,-17.960000 -nan
16.200000,-23.380000 0.000000
12.940000,13.440000 879825761180379.750000
-1.360000,11.580000 -nan
-4.160000,-10.360000 -nan
-8.680000,22.640000 -nan
12.900000,24.180000 714593719710331176958820352.000000
20.320000,11.800000 2713311794230746.500000
-0.600000,16.800000 -nan
-21.620000,20.800000 -nan
14.640000,-13.220000 0.000000
-11.040000,18.200000 -nan
15.160000,18.120000 2478960047651711614976.000000
-2.220000,-12.800000 -nan
9.720000,-5.920000 0.000001
0.600000,19.500000 0.000047
-1.320000,14.040000 -nan
2.180000,-8.160000 0.001731
17.080000,-19.900000 0.000000
1.460000,15.320000 329.523014
-21.380000,20.540000 -nan
-5.360000,11.580000 -nan
17.600000,8.860000 108453166557.559677
10.520000,17.680000 1172838678631840256.000000
-14.400000,-13.740000 -nan
-10.940000,-20.900000 -nan
6.180000,-15.880000 0.000000
-19.040000,-4.300000 -nan
3.820000,-12.500000 0.000000
24.500000,-21.680000 0.000000
3.720000,-15.720000 0.000000
-11.980000,-2.020000 -nan
5.660000,11.400000 382038662.144579
10.800000,24.320000 13578935750734375284637696.000000
23.660000,-4.420000 0.000001
5.840000,-10.300000 0.000000
7.520000,9.120000 97973067.575949
0.240000,21.580000 0.000000
-1.900000,-7.780000 -nan
-19.700000,8.700000 -nan
22.880000,4.640000 2031776.502317
-16.940000,-3.360000 -nan
10.860000,11.340000 557583891226.082764
9.500000,1.340000 20.424415
1.680000,-2.480000 0.276206
-4.620000,5.360000 -nan
-1.540000,3.060000 -nan
12.220000,12.680000 60822307268050.468750
-19.660000,-9.240000 -nan
-4.720000,19.600000 -nan
6.120000,-4.200000 0.000496
-19.560000,-18.860000 -nan
4.560000,8.500000 399209.771160
21.760000,18.380000 3856296489711008938459136.000000
-14.580000,20.940000 -nan
5.660000,5.700000 19545.809324
24.920000,23.880000 2236490960303265489266312315142144.000000
9.360000,-0.220000 0.611391
-2.100000,3.560000 -nan
-8.300000,10.440000 -nan
12.860000,-4.320000 0.000016
6.780000,-23.180000 0.000000
8.960000,-13.220000 0.000000
6.360000,25.100000 146816072758548561920.000000
14.460000,24.940000 86019561907002560522886316032.000000
15.480000,12.260000 386004106393137.750000
-6.700000,15.680000 -nan
-1.000000,-19.260000 -nan
-7.480000,20.980000 -nan
-10.060000,14.960000 -nan
20.040000,13.000000 84075667413507568.000000
-6.280000,-20.360000 -nan
-16.920000,-21.060000 -nan
2.320000,-15.600000 0.000002
4.980000,-20.920000 0.000000
-0.800000,-10.180000 -nan
10.700000,15.020000 2892972736330349.000000
-19.440000,23.520000 -nan
4.700000,-25.020000 0.000000
-3.900000,-19.920000 -nan
-17.320000,1.200000 -nan
24.680000,-21.420000 0.000000
8.660000,8.140000 42795257.218294
-7.540000,23.040000 -nan
7.240000,2.260000 87.701932
-10.980000,-11.600000 -nan
-15.220000,-7.380000 -nan
-7.040000,-15.960000 -nan
8.200000,-14.380000 0.000000
19.800000,-15.460000 0.000000
22.840000,9.280000 4061624817472.395020
13.600000,15.900000 1055039314017276416.000000
16.840000,8.100000 8577701047.788094
-7.580000,-1.460000 -nan
8.820000,-17.460000 0.000000
-11.160000,-22.080000 -nan
-23.220000,2.440000 -nan
-21.260000,24.020000 -nan
-22.380000,15.360000 -nan
-13.900000,12.040000 -nan
21.880000,-18.720000 0.000000
14.600000,15.960000 3828878438424545792.000000
21.480000,24.680000 749214125804904915280598700916736.000000
-10.460000,5.340000 -nan
17.140000,12.900000 8293532423614679.000000
-7.300000,20.920000 -nan
15.680000,-12.480000 0.000000
13.500000,-23.300000 0.000000
19.180000,24.160000 9854219787020113446478488272896.000000
13.760000,6.180000 10880827.406392
-14.420000,-7.500000 -nan
-18.060000,17.960000 -nan
2.580000,-7.580000 0.000758
14.740000,-7.900000 0.000000
-3.420000,-18.800000 -nan
3.660000,19.960000 176637319037.392609
16.840000,4.580000 413663.078062
4.700000,13.800000 1883434144.921525
-9.880000,16.440000 -nan
-22.840000,19.120000 -nan
-14.300000,-25.500000 -nan
22.340000,6.360000 380337330.048702
22.240000,3.500000 51876.628138
-5.560000,21.720000 -nan
-11.480000,14.860000 -nan
-14.460000,8.500000 -nan
7.980000,-4.300000 0.000132
6.280000,-9.660000 0.000000
23.800000,-8.100000 0.000000
-18.060000,-12.940000 -nan
8.300000,-24.480000 0.000000
-13.520000,12.000000 37300984912024.421875
25.040000,-7.800000 0.000000
3.500000,-15.260000 0.000000
23.600000,21.560000 398091389411075128246786850816.000000
19.720000,-4.640000 0.000001
1.240000,-13.360000 0.056479
-16.500000,10.320000 -nan
-11.760000,-9.020000 -nan
-15.940000,-1.840000 -nan
-20.680000,16.640000 -nan
15.520000,18.780000 23171088917833388654592.000000
-17.700000,-8.480000 -nan
-24.760000,-7.480000 -nan
22.600000,-17.400000 0.000000
-21.140000,-5.160000 -nan
3.720000,-8.740000 0.000010
14.280000,19.840000 81247056450169170034688.000000
4.220000,-0.600000 0.421515
-13.140000,8.380000 -nan
-17.500000,-6.340000 -nan
-13.760000,8.660000 -nan
-8.660000,14.400000 -nan
-15.840000,12.260000 -nan
18.540000,24.620000 16628824426345099514270311251968.000000
15.860000,-1.600000 0.012009
-20.540000,14.320000 -nan
-9.580000,9.440000 -nan
19.540000,-20.900000 0.000000
-12.260000,13.580000 -nan
-21.480000,24.260000 -nan
9.200000,0.540000 3.314709
12.500000,7.540000 186509732.017144
-7.380000,22.440000 -nan
2.680000,11.840000 117250.839612
-20.600000,-12.040000 -nan
-3.640000,-21.820000 -nan
-21.180000,12.660000 -nan
-8.280000,22.000000 157277794076340125696.000000
21.440000,2.160000 750.663893
20.700000,-15.740000 0.000000
16.100000,8.860000 49258055263.258583
14.400000,9.840000 250199779270.458435
13.940000,14.680000 62773669832243032.000000
-11.160000,-7.120000 -nan
8.100000,1.980000 62.921684
16.460000,25.240000 5042999572186562273179802271744.000000
18.500000,18.780000 627314114763287043244032.000000
10.040000,-23.500000 0.000000
-19.300000,17.400000 -nan
-20.980000,10.860000 -nan
-1.500000,-23.760000 -nan
-7.620000,-20.020000 -nan
-1.360000,-1.720000 -nan
-21.060000,24.960000 -nan
21.840000,12.140000 18135393243560748.000000
18.740000,6.500000 187500449.230298
21.960000,-7.480000 0.000000
-2.440000,19.420000 -nan
-21.600000,-17.600000 -nan
-12.260000,18.240000 -nan
-6.200000,24.980000 -nan
-13.500000,-4.340000 -nan
-9.360000,-11.300000 -nan
18.880000,9.320000 780438250050.722900
16.540000,-8.700000 0.000000
5.180000,-15.840000 0.000000
-23.180000,-24.200000 -nan
-21.600000,-24.060000 -nan
9.020000,-4.580000 0.000042
-0.200000,-22.200000 -nan
-3.160000,0.320000 -nan
11.180000,-20.460000 0.000000
10.920000,-9.200000 0.000000
-20.500000,-2.380000 -nan
16.480000,-2.620000 0.000648
18.460000,14.520000 2430436260410724352.000000
-1.800000,21.940000 -nan
25.500000,13.440000 8014935376397016064.000000
16.240000,11.500000 83510154355177.171875
-4.660000,-23.400000 -nan
12.360000,21.320000 191352348361728743964672.000000
18.360000,-3.840000 0.000014
15.840000,0.660000 6.192106
-9.700000,-16.260000 -nan
-1.400000,9.980000 -nan
4.440000,-4.620000 0.001021
8.120000,18.560000 76095662551724368.000000
22.440000,8.160000 105766096720.534622
13.540000,22.600000 37547568155781511730167808.000000
19.860000,12.700000 30502567778405456.000000
-14.740000,18.000000 1078834194772549042176.000000
2.520000,-13.980000 0.000002
5.900000,25.180000 25707133514999115776.000000
-8.620000,2.500000 -nan
23.900000,2.400000 2033.082313
15.680000,-24.420000 0.000000
-12.520000,-15.880000 -nan
17.460000,15.520000 18902819833812717568.000000
-15.840000,-24.760000 -nan
-17.280000,-12.240000 -nan
-18.760000,-4.060000 -nan
-20.060000,21.060000 -nan
17.940000,22.640000 24352301518575513391662628864.000000
7.480000,-14.140000 0.000000
23.420000,-2.240000 0.000855
17.780000,-11.480000 0.000000
-3.720000,-12.420000 -nan
-1.500000,17.100000 -nan
-13.740000,-23.180000 -nan
-15.540000,-5.980000 -nan
19.820000,9.020000 501042913822.147217
-11.120000,-6.780000 -nan
-10.680000,24.120000 -nan
4.240000,-18.000000 0.000000
-0.100000,-21.500000 -nan
20.400000,3.600000 51840.430898
6.600000,21.820000 762866727513172224.000000
2.800000,16.940000 37571371.686905
-19.500000,-3.120000 -nan
-6.220000,-20.360000 -nan
-20.940000,13.660000 -nan
14.900000,7.780000 1340877700.364239
-10.780000,12.660000 -nan
-20.660000,12.720000 -nan
22.180000,2.480000 2177.632671
-1.640000,-4.940000 -nan
17.820000,-2.780000 0.000333
4.520000,17.680000 382690364418.929382
3.600000,-8.140000 0.000030
0.500000,-17.720000 215899.443631
-15.600000,22.260000 -nan
-14.800000,24.140000 -nan
18.500000,5.320000 5512563.371795
18.000000,18.200000 70139003747156866629632.000000
-10.220000,-4.580000 -nan
-9.760000,3.880000 -nan
18.420000,-14.160000 0.000000
-6.140000,-19.460000 -nan
12.540000,15.460000 95428899214234080.000000
-13.720000,-21.920000 -nan
-12.820000,18.580000 -nan
8.220000,-11.540000 0.000000
-0.360000,-7.700000 -nan
20.420000,8.240000 62353276446.182007
16.400000,-21.820000 0.000000
-13.320000,10.980000 -nan
12.020000,21.940000 493291941267554409906176.000000
14.500000,-25.500000 0.000000
-18.140000,4.780000 -nan
-20.640000,-13.440000 -nan
-25.440000,-7.600000 -nan
24.500000,5.780000 106999061.294911
19.660000,-1.880000 0.003699
-7.340000,5.080000 -nan
-16.980000,-25.080000 -nan
0.020000,-3.360000 511139.230210
19.020000,-4.060000 0.000006
-7.360000,0.360000 -nan
-13.640000,-13.800000 -nan
17.820000,-2.280000 0.001406
0.420000,-8.640000 1799.393432
4.420000,20.720000 23612905057505.152344
-3.580000,7.920000 -nan
-3.920000,-22.700000 -nan
-21.040000,-13.560000 -nan
5.720000,14.820000 167729381958.359283
-22.000000,-0.100000 -nan
17.460000,-20.180000 0.000000
-7.080000,7.920000 -nan
17.060000,7.240000 830860579.636412
22.780000,-17.620000 0.000000
18.180000,7.920000 9462012572.540062
-18.140000,-7.260000 -nan
-21.860000,-22.880000 -nan
-18.960000,-24.540000 -nan
24.100000,-11.680000 0.000000
0.900000,-14.160000 4.445556
23.380000,2.900000 9325.004924
6.700000,-11.500000 0.000000
18.900000,-5.500000 0.000000
13.260000,12.340000 71151995888363.093750
-5.720000,-2.980000 -nan
15.460000,22.760000 1165220141078747691981209600.000000
-23.780000,-21.960000 -nan
-19.700000,-6.940000 -nan
-18.080000,23.280000 -nan
5.700000,12.980000 6475236373.527213
5.160000,25.340000 1144309330809242240.000000
-5.300000,-18.220000 -nan
25.100000,-11.240000 0.000000
-24.280000,0.540000 -nan
21.580000,-20.960000 0.000000
19.440000,-21.500000 0.000000
-8.480000,-11.540000 -nan
11.020000,22.300000 174040193590873313771520.000000
-16.580000,6.060000 -nan
-19.720000,-8.920000 -nan
18.100000,-8.140000 0.000000
-9.160000,19.740000 -nan
-4.040000,-11.720000 -nan
-5.160000,13.720000 -nan
-6.960000,9.060000 -nan
-22.900000,-8.300000 -nan
24.960000,-12.920000 0.000000
11.080000,8.060000 262416095.164451
7.980000,-4.520000 0.000084
