11.7 -0.761984
-18.020000 0.737632
17.560000 -0.960712
-24.400000 0.668910
-23.940000 0.929384
21.780000 0.209583
-24.420000 0.653910
-4.060000 0.794636
6.780000 0.476628
-12.860000 -0.289428
10.120000 -0.640556
10.920000 -0.997146
24.420000 -0.653910
9.000000 0.412118
-22.380000 0.379126
-22.900000 0.788798
-6.220000 0.063143
-5.060000 0.940189
1.880000 0.952576
-9.600000 0.174327
15.500000 0.206467
24.920000 -0.211140
-23.760000 0.980451
16.660000 -0.814599
23.220000 -0.942104
7.500000 0.938000
18.220000 -0.588786
4.880000 -0.985986
18.040000 -0.723981
-2.080000 -0.873133
-16.600000 0.778352
3.300000 -0.157746
24.960000 -0.171883
22.240000 -0.246291
22.180000 -0.187731
-23.180000 0.927941
-7.320000 -0.860787
6.080000 -0.201790
23.820000 -0.966888
4.900000 -0.982453
-8.220000 -0.933760
0.960000 0.819192
-18.020000 0.737632
16.340000 -0.590789
0.780000 0.703279
-7.780000 -0.997265
0.600000 0.564642
0.260000 0.257081
1.880000 0.952576
18.160000 -0.636195
-17.580000 0.954969
13.220000 0.608072
-0.960000 -0.819192
12.240000 -0.320607
17.400000 -0.992659
7.540000 0.951111
20.740000 0.949346
20.160000 0.966299
4.380000 -0.945266
-21.960000 -0.031144
3.440000 -0.293998
8.440000 0.833149
-9.120000 -0.300081
-3.600000 0.442520
-19.180000 -0.324463
23.780000 -0.976320
7.500000 0.938000
0.900000 0.783327
-8.940000 -0.466012
-1.120000 -0.900100
13.200000 0.592074
5.360000 -0.797527
-16.980000 0.955702
15.740000 -0.032031
-14.500000 -0.934895
-5.160000 0.901484
20.140000 0.960958
-25.380000 -0.244747
15.880000 -0.171189
-13.640000 -0.878937
-6.680000 -0.386483
1.660000 0.996024
-17.280000 0.999999
2.740000 0.390885
-6.020000 0.260157
5.440000 -0.746765
-10.000000 0.544021
17.400000 -0.992659
-14.580000 -0.903541
-22.060000 0.068797
7.940000 0.996303
-17.420000 0.990042
-22.540000 0.521708
-6.980000 -0.641778
0.340000 0.333487
11.580000 -0.834029
24.880000 -0.250059
-8.880000 -0.518228
-22.940000 0.812747
-19.180000 -0.324463
13.140000 0.542684
-17.640000 0.935459
8.960000 0.448224
1.500000 0.997495
19.480000 0.589504
-22.200000 0.207336
17.820000 -0.857070
7.540000 0.951111
9.960000 -0.510032
-10.220000 0.714019
12.440000 -0.126035
-3.840000 0.642999
-19.700000 -0.751573
4.120000 -0.829609
22.600000 -0.571926
7.020000 0.671932
24.500000 -0.591358
-12.420000 0.145849
1.080000 0.881958
-14.500000 -0.934895
-10.820000 0.984626
13.780000 0.936891
19.140000 0.286378
-18.240000 0.572503
-13.060000 -0.473825
-25.440000 -0.302447
-19.260000 -0.399017
11.620000 -0.811299
-10.820000 0.984626
22.560000 -0.538665
9.540000 -0.114967
14.600000 0.894791
1.800000 0.973848
-5.500000 0.705540
10.980000 -0.999879
5.500000 -0.705540
-16.760000 0.868435
14.700000 0.845747
11.700000 -0.761984
15.280000 0.415019
2.500000 0.598472
-0.580000 -0.548024
-4.740000 0.999619
-12.500000 0.066322
-14.180000 -0.999083
0.920000 0.795602
6.320000 0.036806
4.260000 -0.899405
-12.900000 -0.327474
-0.040000 -0.039989
-15.500000 -0.206467
0.260000 0.257081
-21.580000 -0.399662
-8.760000 -0.616884
2.020000 0.900793
12.560000 -0.006371
8.240000 0.926415
-15.880000 0.171189
-19.580000 -0.667200
-18.280000 0.539258
6.040000 -0.240795
12.520000 -0.046354
-24.300000 0.739779
-11.940000 0.586208
-11.040000 0.999013
3.080000 0.061554
24.680000 -0.437432
21.040000 0.814083
-21.440000 -0.523666
4.800000 -0.996165
25.460000 0.321448
24.640000 -0.473043
-21.320000 -0.621886
13.080000 0.491342
13.020000 0.438231
-21.820000 -0.170314
11.600000 -0.822829
21.040000 0.814083
25.320000 0.186166
-3.240000 0.098249
-3.040000 -0.101418
-23.540000 0.999759
-2.240000 -0.784316
21.560000 0.417915
9.100000 0.319098
-19.120000 -0.267159
-16.420000 0.653377
-7.200000 -0.793668
13.780000 0.936891
11.400000 -0.919329
6.960000 0.626313
0.840000 0.744643
21.660000 0.325129
3.220000 -0.078327
-10.780000 0.976854
-25.040000 0.092608
-13.620000 -0.869223
13.080000 0.491342
-24.200000 0.803256
-18.840000 0.009556
-9.500000 0.075151
10.220000 -0.714019
-3.580000 0.424498
17.500000 -0.975626
18.720000 -0.129194
14.600000 0.894791
20.940000 0.867994
4.100000 -0.818277
4.140000 -0.840609
-7.700000 -0.988168
-16.200000 0.472422
-9.660000 0.233059
-22.920000 0.800933
8.760000 0.616884
-16.480000 0.697596
5.660000 -0.583625
14.820000 0.775788
-19.860000 -0.847068
21.500000 0.471639
18.340000 -0.487790
-4.860000 0.989125
-4.620000 0.995735
19.740000 0.777351
-4.560000 0.988411
-13.400000 -0.740376
-13.360000 -0.712903
-17.160000 0.992956
-16.740000 0.858346
18.600000 -0.246974
24.280000 -0.753087
-23.860000 0.955909
-22.960000 0.824236
7.380000 0.889758
0.660000 0.613117
25.420000 0.283324
-18.480000 0.361201
-18.660000 0.188423
5.580000 -0.646651
11.320000 -0.947834
16.600000 -0.778352
25.100000 -0.032735
13.360000 0.712903
-13.200000 -0.592074
16.080000 -0.363514
19.620000 0.696454
-14.520000 -0.927610
-11.860000 0.649077
11.660000 -0.787271
12.840000 0.270228
8.820000 0.568579
5.560000 -0.661776
-18.860000 -0.010444
13.380000 0.726785
17.100000 -0.984065
-13.980000 -0.987675
-17.340000 0.998125
-25.160000 -0.027255
-17.900000 0.813157
8.340000 0.884200
22.520000 -0.504542
19.760000 0.789776
19.000000 0.149877
0.420000 0.407760
-21.820000 -0.170314
-0.040000 -0.039989
2.320000 0.732231
-18.940000 -0.090321
3.700000 -0.529836
-1.560000 -0.999942
-4.080000 0.806618
-9.100000 -0.319098
3.160000 -0.018406
5.180000 -0.892648
24.060000 -0.878513
-18.740000 0.109337
23.460000 -0.994808
-7.200000 -0.793668
-13.920000 -0.976512
24.260000 -0.766094
19.860000 0.847068
0.740000 0.674288
-9.580000 0.154599
8.260000 0.918701
-16.260000 0.524423
3.180000 -0.038398
-13.020000 -0.438231
-13.800000 -0.943696
1.780000 0.978197
-25.300000 -0.166480
-19.900000 -0.867644
16.820000 -0.896602
2.800000 0.334988
-2.160000 -0.831383
16.140000 -0.418721
15.580000 0.127614
17.700000 -0.912582
-5.100000 0.925815
-1.120000 -0.900100
10.080000 -0.609335
19.860000 0.847068
9.660000 -0.233059
14.900000 0.722881
24.120000 -0.848287
16.300000 -0.558052
8.840000 0.552014
10.960000 -0.999367
-24.220000 0.791183
6.960000 0.626313
-19.740000 -0.777351
6.760000 0.458951
-7.100000 -0.728969
9.080000 0.337988
21.580000 0.399662
2.440000 0.645435
9.640000 -0.213564
-20.820000 -0.921198
21.400000 0.557315
6.560000 0.273293
22.500000 -0.487175
3.540000 -0.387951
-19.100000 -0.247834
16.140000 -0.418721
13.600000 0.859162
-12.100000 0.449647
14.100000 0.999309
-18.220000 0.588786
-11.440000 0.902858
5.120000 -0.918070
-0.040000 -0.039989
-21.500000 -0.471639
-19.400000 -0.523066
0.180000 0.179030
12.700000 0.133232
-1.440000 -0.991458
6.140000 -0.142697
11.940000 -0.586208
20.240000 0.983781
-14.160000 -0.999739
21.960000 0.031144
6.260000 -0.023183
-3.140000 -0.001593
21.220000 0.696959
17.260000 -0.999824
-16.420000 0.653377
15.840000 -0.131653
-16.700000 0.837142
12.080000 -0.467420
15.700000 0.007963
-22.520000 0.504542
9.340000 0.084676
-22.380000 0.379126
-14.620000 -0.885683
9.820000 -0.385013
-19.620000 -0.696454
21.940000 0.051126
-18.580000 0.266303
-7.380000 -0.889758
-3.480000 0.331985
-17.900000 0.813157
23.060000 -0.876648
-6.640000 -0.349291
-15.100000 -0.571197
17.500000 -0.975626
-5.660000 0.583625
-2.280000 -0.758881
12.280000 -0.282473
-7.380000 -0.889758
-15.960000 0.249377
18.900000 0.050423
15.300000 0.396741
13.560000 0.838012
19.680000 0.738231
19.600000 0.681964
19.580000 0.667200
-14.320000 -0.983333
11.460000 -0.894079
17.440000 -0.987029
-14.660000 -0.866408
20.280000 0.990167
-2.520000 -0.582331
3.800000 -0.611858
18.900000 0.050423
3.700000 -0.529836
-17.120000 0.987424
-10.040000 0.577140
-10.680000 0.950618
-21.920000 -0.071089
2.500000 0.598472
14.240000 0.994717
-18.280000 0.539258
20.680000 0.966480
2.800000 0.334988
-13.360000 -0.712903
-2.700000 -0.427380
-6.940000 -0.610597
-23.680000 0.993040
2.020000 0.900793
11.660000 -0.787271
-8.160000 -0.953541
-19.260000 -0.399017
19.060000 0.208894
-7.960000 -0.994385
-20.720000 -0.955441
4.040000 -0.782336
-22.160000 0.168050
-25.380000 -0.244747
22.620000 -0.588216
-6.560000 -0.273293
-1.180000 -0.924606
18.320000 -0.505150
-20.960000 -0.857890
-22.080000 0.088735
-11.980000 0.553342
-19.180000 -0.324463
-2.700000 -0.427380
11.600000 -0.822829
-3.960000 0.730058
17.960000 -0.776792
25.200000 0.067208
6.320000 0.036806
-9.440000 0.015221
-5.320000 0.821014
-1.340000 -0.973485
-12.380000 0.185294
-16.620000 0.790752
17.120000 -0.987424
-8.520000 -0.786288
14.040000 0.995283
-21.120000 -0.765069
2.520000 0.582331
9.900000 -0.457536
-23.900000 0.943401
-2.460000 -0.630031
8.580000 0.747824
-23.060000 0.876648
-1.840000 -0.963983
-23.580000 0.999837
-3.200000 0.058374
11.300000 -0.954019
-5.820000 0.446800
11.080000 -0.996438
-18.320000 0.505150
-18.780000 0.069500
-7.100000 -0.728969
-10.380000 0.816442
21.040000 0.814083
-9.100000 -0.319098
3.220000 -0.078327
14.120000 0.999853
15.980000 -0.268694
10.100000 -0.625071
24.580000 -0.525022
10.380000 -0.816442
-5.160000 0.901484
-14.480000 -0.941806
12.920000 0.346305
-23.340000 0.975471
-17.980000 0.764043
-20.300000 -0.992766
14.280000 0.989817
-19.140000 -0.286378
-16.240000 0.507290
-11.380000 0.927014
-23.320000 0.970874
16.960000 -0.949625
-2.360000 -0.704411
17.140000 -0.990388
20.500000 0.996830
-6.880000 -0.562011
-6.740000 -0.441092
-5.920000 0.355254
13.180000 0.575838
6.400000 0.116549
0.820000 0.731146
-2.740000 -0.390885
13.020000 0.438231
6.380000 0.096664
5.520000 -0.691227
5.760000 -0.499642
23.380000 -0.983494
-12.520000 0.046354
13.740000 0.922161
25.040000 -0.092608
1.840000 0.963983
-15.080000 -0.587498
-3.260000 0.118131
24.660000 -0.455329
-23.200000 0.935210
12.600000 0.033623
-7.880000 -0.999662
-18.280000 0.539258
-22.660000 0.620085
-12.540000 0.026368
-16.200000 0.472422
-1.420000 -0.988652
-5.440000 0.746765
-16.700000 0.837142
-5.140000 0.909959
-22.180000 0.187731
-17.460000 0.983621
