24.88 1.000000
-12.620000 -1.000000
-9.040000 -1.000000
-16.360000 -1.000000
9.860000 1.000000
-21.000000 -1.000000
-14.080000 -1.000000
17.420000 1.000000
14.340000 1.000000
-16.440000 -1.000000
1.520000 0.908698
-16.820000 -1.000000
-22.520000 -1.000000
23.360000 1.000000
12.640000 1.000000
1.940000 0.959534
12.540000 1.000000
5.920000 0.999986
-3.400000 -0.997775
-11.760000 -1.000000
-16.260000 -1.000000
-19.660000 -1.000000
23.620000 1.000000
2.840000 0.993196
18.580000 1.000000
25.160000 1.000000
-13.060000 -1.000000
8.460000 1.000000
-15.300000 -1.000000
0.740000 0.629145
-7.420000 -0.999999
21.220000 1.000000
-11.080000 -1.000000
3.840000 0.999076
14.220000 1.000000
-17.880000 -1.000000
-10.280000 -1.000000
22.760000 1.000000
17.220000 1.000000
21.420000 1.000000
17.240000 1.000000
-20.840000 -1.000000
-6.980000 -0.999998
-18.980000 -1.000000
13.460000 1.000000
9.980000 1.000000
9.200000 1.000000
-19.760000 -1.000000
-1.780000 -0.944695
17.500000 1.000000
-24.860000 -1.000000
-17.480000 -1.000000
-1.760000 -0.942503
9.560000 1.000000
13.420000 1.000000
7.180000 0.999999
20.080000 1.000000
-20.500000 -1.000000
-20.380000 -1.000000
7.240000 0.999999
23.720000 1.000000
13.900000 1.000000
14.940000 1.000000
4.620000 0.999806
-15.420000 -1.000000
-21.840000 -1.000000
-11.940000 -1.000000
-9.920000 -1.000000
-10.800000 -1.000000
4.400000 0.999699
15.900000 1.000000
-23.760000 -1.000000
17.100000 1.000000
-13.180000 -1.000000
19.980000 1.000000
-22.660000 -1.000000
1.300000 0.861723
-16.120000 -1.000000
-11.320000 -1.000000
20.780000 1.000000
19.480000 1.000000
-11.360000 -1.000000
5.980000 0.999987
-10.280000 -1.000000
-24.220000 -1.000000
-17.200000 -1.000000
23.560000 1.000000
-7.800000 -1.000000
8.200000 1.000000
16.920000 1.000000
-6.100000 -0.999990
-18.960000 -1.000000
-9.660000 -1.000000
5.980000 0.999987
2.080000 0.969265
-11.980000 -1.000000
-15.120000 -1.000000
-11.100000 -1.000000
-10.940000 -1.000000
4.280000 0.999617
-21.160000 -1.000000
16.720000 1.000000
-11.320000 -1.000000
-16.200000 -1.000000
-17.240000 -1.000000
7.880000 1.000000
-3.560000 -0.998384
-16.120000 -1.000000
11.220000 1.000000
-4.300000 -0.999632
18.620000 1.000000
21.200000 1.000000
-1.660000 -0.930217
-14.860000 -1.000000
-23.120000 -1.000000
-13.000000 -1.000000
-14.560000 -1.000000
6.380000 0.999994
-0.920000 -0.725897
-12.060000 -1.000000
13.480000 1.000000
-21.160000 -1.000000
10.680000 1.000000
8.800000 1.000000
-13.620000 -1.000000
-14.200000 -1.000000
18.780000 1.000000
-14.500000 -1.000000
-2.860000 -0.993462
24.980000 1.000000
7.940000 1.000000
-13.960000 -1.000000
-5.340000 -0.999954
-2.480000 -0.986072
14.840000 1.000000
15.780000 1.000000
21.860000 1.000000
-9.120000 -1.000000
-10.280000 -1.000000
13.440000 1.000000
4.180000 0.999532
-16.500000 -1.000000
17.320000 1.000000
-21.080000 -1.000000
13.640000 1.000000
1.500000 0.905148
-14.700000 -1.000000
-14.260000 -1.000000
20.820000 1.000000
-8.820000 -1.000000
-1.500000 -0.905148
-2.800000 -0.992632
17.460000 1.000000
-3.680000 -0.998728
-19.520000 -1.000000
9.640000 1.000000
23.440000 1.000000
-21.280000 -1.000000
12.200000 1.000000
18.660000 1.000000
-20.380000 -1.000000
-3.320000 -0.997389
6.660000 0.999997
15.440000 1.000000
-7.900000 -1.000000
-9.120000 -1.000000
-21.380000 -1.000000
13.520000 1.000000
-16.820000 -1.000000
-6.500000 -0.999995
7.940000 1.000000
-7.280000 -0.999999
16.640000 1.000000
1.140000 0.814414
12.860000 1.000000
-5.820000 -0.999982
18.280000 1.000000
12.700000 1.000000
7.500000 0.999999
-14.500000 -1.000000
-18.660000 -1.000000
-1.680000 -0.932862
-16.720000 -1.000000
21.580000 1.000000
-8.320000 -1.000000
18.640000 1.000000
6.300000 0.999993
14.180000 1.000000
0.480000 0.446244
15.240000 1.000000
25.300000 1.000000
19.060000 1.000000
-14.340000 -1.000000
15.260000 1.000000
2.060000 0.968030
-14.500000 -1.000000
25.160000 1.000000
19.740000 1.000000
2.180000 0.974766
-14.020000 -1.000000
-18.620000 -1.000000
6.100000 0.999990
-18.020000 -1.000000
-0.440000 -0.413644
11.220000 1.000000
-3.100000 -0.995949
-22.260000 -1.000000
10.960000 1.000000
-8.780000 -1.000000
14.500000 1.000000
25.460000 1.000000
-25.140000 -1.000000
3.140000 0.996260
1.280000 0.856485
-24.680000 -1.000000
13.060000 1.000000
12.760000 1.000000
13.000000 1.000000
-3.280000 -0.997172
-22.400000 -1.000000
12.440000 1.000000
10.020000 1.000000
15.660000 1.000000
-15.060000 -1.000000
9.560000 1.000000
2.900000 0.993963
-20.120000 -1.000000
-1.480000 -0.901468
-2.680000 -0.990642
17.280000 1.000000
21.740000 1.000000
8.800000 1.000000
-6.460000 -0.999995
22.500000 1.000000
18.300000 1.000000
-9.580000 -1.000000
-15.020000 -1.000000
11.700000 1.000000
-3.140000 -0.996260
8.380000 1.000000
-4.720000 -0.999841
-11.640000 -1.000000
-19.000000 -1.000000
20.460000 1.000000
-3.960000 -0.999273
12.280000 1.000000
-18.920000 -1.000000
22.220000 1.000000
23.740000 1.000000
-21.040000 -1.000000
-2.740000 -0.991696
10.780000 1.000000
15.500000 1.000000
13.540000 1.000000
5.940000 0.999986
6.940000 0.999998
-16.500000 -1.000000
22.160000 1.000000
-5.460000 -0.999964
16.560000 1.000000
-22.020000 -1.000000
0.840000 0.685809
-12.160000 -1.000000
-12.500000 -1.000000
24.800000 1.000000
23.100000 1.000000
8.460000 1.000000
-25.360000 -1.000000
6.260000 0.999993
-20.420000 -1.000000
-4.120000 -0.999472
-6.280000 -0.999993
1.280000 0.856485
-6.980000 -0.999998
-1.800000 -0.946806
16.560000 1.000000
16.420000 1.000000
24.760000 1.000000
7.000000 0.999998
-14.840000 -1.000000
-3.920000 -0.999213
-21.100000 -1.000000
-20.280000 -1.000000
13.500000 1.000000
20.880000 1.000000
6.720000 0.999997
-14.680000 -1.000000
22.560000 1.000000
-18.260000 -1.000000
-17.620000 -1.000000
5.240000 0.999944
-14.020000 -1.000000
19.420000 1.000000
-19.240000 -1.000000
-21.520000 -1.000000
-23.160000 -1.000000
-21.540000 -1.000000
-8.880000 -1.000000
17.080000 1.000000
-22.820000 -1.000000
3.680000 0.998728
-3.380000 -0.997684
-21.260000 -1.000000
-21.680000 -1.000000
-12.340000 -1.000000
13.740000 1.000000
15.680000 1.000000
-7.640000 -1.000000
-23.860000 -1.000000
-12.900000 -1.000000
16.940000 1.000000
11.740000 1.000000
-4.660000 -0.999821
-21.500000 -1.000000
-16.080000 -1.000000
13.480000 1.000000
-19.980000 -1.000000
4.680000 0.999828
-19.860000 -1.000000
-6.680000 -0.999997
-18.600000 -1.000000
18.660000 1.000000
-21.700000 -1.000000
12.980000 1.000000
-1.160000 -0.821040
-25.140000 -1.000000
-1.200000 -0.833655
4.780000 0.999859
7.980000 1.000000
-19.020000 -1.000000
-12.400000 -1.000000
-21.920000 -1.000000
21.040000 1.000000
-5.920000 -0.999986
19.500000 1.000000
13.280000 1.000000
12.100000 1.000000
-22.020000 -1.000000
-20.980000 -1.000000
-21.380000 -1.000000
-17.720000 -1.000000
-8.080000 -1.000000
-5.440000 -0.999962
-9.160000 -1.000000
22.480000 1.000000
23.420000 1.000000
20.540000 1.000000
-16.180000 -1.000000
-20.640000 -1.000000
-11.780000 -1.000000
14.800000 1.000000
6.820000 0.999998
-10.480000 -1.000000
-3.720000 -0.998826
16.400000 1.000000
-14.260000 -1.000000
5.140000 0.999931
-6.620000 -0.999996
8.280000 1.000000
-20.620000 -1.000000
21.340000 1.000000
-20.660000 -1.000000
12.440000 1.000000
8.180000 1.000000
-9.020000 -1.000000
16.580000 1.000000
-7.980000 -1.000000
-4.900000 -0.999889
20.860000 1.000000
-14.760000 -1.000000
-17.720000 -1.000000
-1.920000 -0.957917
1.620000 0.924624
10.220000 1.000000
-13.880000 -1.000000
10.220000 1.000000
-21.980000 -1.000000
12.000000 1.000000
13.000000 1.000000
-20.780000 -1.000000
18.380000 1.000000
3.820000 0.999039
-3.000000 -0.995055
-15.180000 -1.000000
-9.180000 -1.000000
16.160000 1.000000
-16.900000 -1.000000
15.720000 1.000000
-20.680000 -1.000000
-18.760000 -1.000000
-14.140000 -1.000000
8.900000 1.000000
-14.340000 -1.000000
-9.540000 -1.000000
-22.640000 -1.000000
-21.980000 -1.000000
-8.840000 -1.000000
-4.760000 -0.999853
-19.840000 -1.000000
2.180000 0.974766
-8.700000 -1.000000
-13.640000 -1.000000
9.740000 1.000000
-12.920000 -1.000000
-12.840000 -1.000000
-5.040000 -0.999916
-20.260000 -1.000000
-5.000000 -0.999909
13.660000 1.000000
-24.580000 -1.000000
7.360000 0.999999
-3.680000 -0.998728
-1.100000 -0.800499
-8.500000 -1.000000
11.580000 1.000000
-20.540000 -1.000000
-20.320000 -1.000000
4.100000 0.999451
-2.760000 -0.992020
-23.980000 -1.000000
-3.720000 -0.998826
-11.820000 -1.000000
-11.740000 -1.000000
-16.020000 -1.000000
8.520000 1.000000
6.160000 0.999991
-6.460000 -0.999995
-22.120000 -1.000000
7.720000 1.000000
-5.100000 -0.999926
7.040000 0.999998
-23.840000 -1.000000
8.940000 1.000000
-20.620000 -1.000000
20.700000 1.000000
4.220000 0.999568
-2.840000 -0.993196
2.040000 0.966747
3.940000 0.999244
4.060000 0.999405
25.180000 1.000000
1.840000 0.950795
1.820000 0.948838
2.340000 0.981613
-0.540000 -0.492988
23.740000 1.000000
8.640000 1.000000
9.880000 1.000000
3.020000 0.995248
-7.800000 -1.000000
-0.080000 -0.079830
-13.240000 -1.000000
-14.740000 -1.000000
25.380000 1.000000
-25.160000 -1.000000
-14.620000 -1.000000
-5.960000 -0.999987
11.360000 1.000000
-11.980000 -1.000000
14.220000 1.000000
24.400000 1.000000
12.840000 1.000000
-16.500000 -1.000000
-7.760000 -1.000000
-12.060000 -1.000000
15.000000 1.000000
0.400000 0.379949
-19.780000 -1.000000
5.360000 0.999956
10.080000 1.000000
-22.520000 -1.000000
10.340000 1.000000
-12.480000 -1.000000
-24.940000 -1.000000
21.620000 1.000000
17.480000 1.000000
16.560000 1.000000
-18.660000 -1.000000
-10.920000 -1.000000
19.680000 1.000000
10.320000 1.000000
17.780000 1.000000
20.460000 1.000000
21.840000 1.000000
19.900000 1.000000
10.580000 1.000000
-18.240000 -1.000000
21.880000 1.000000
8.860000 1.000000
6.520000 0.999996
24.040000 1.000000
-5.640000 -0.999975
11.860000 1.000000
23.460000 1.000000
-15.120000 -1.000000
13.300000 1.000000
-17.940000 -1.000000
4.180000 0.999532
11.480000 1.000000
-9.940000 -1.000000
